1.000000000000000000e+00
1.000000000000000056e-01
1.000000000000000056e-01
1.000000000000000056e-01
1.000000000000000056e-01
1.000000000000000056e-01
1.000000000000000056e-01
1.000000000000000056e-01
1.000000000000000056e-01
1.000000000000000056e-01
1.156069364161849689e-01
1.469115191986644364e-01
1.773049645390070983e-01
1.890909090909090873e-01
2.196162046908315402e-01
2.364305427782888713e-01
2.689361702127659459e-01
3.053199691595990806e-01
3.219749652294853770e-01
3.350000000000000200e-01
3.335161821173889263e-01
3.533604887983706200e-01
3.744660654959658386e-01
3.967684021543985695e-01
4.186836518046708755e-01
4.228682170542635843e-01
4.495614035087718841e-01
4.632807137954702004e-01
4.826030927835051609e-01
4.947177784485360941e-01
5.015419119708438567e-01
5.047046523784631811e-01
5.084002921840758971e-01
5.276230269266480866e-01
5.336421795720274197e-01
5.402083333333332904e-01
5.419937205651491618e-01
5.517113095238095344e-01
5.589231592084150657e-01
5.676046671242278574e-01
5.670035865666775976e-01
5.791699295223179389e-01
5.900060204695966037e-01
5.968253968253968145e-01
6.003581760573081239e-01
6.126270733012305625e-01
6.212787988609888012e-01
6.281167773461971970e-01
6.381940207443563828e-01
6.440294957183634317e-01
6.441626684944026238e-01
6.540691192865105696e-01
6.573516766981942760e-01
6.550020584602717078e-01
6.575848303393214689e-01
6.604890355132932989e-01
6.675842429995254568e-01
6.770076392770635332e-01
6.800830249977438680e-01
6.917893243482886589e-01
7.060878679360641508e-01
7.138829560017087017e-01
7.273954116059379027e-01
7.209377788594143466e-01
7.075977914301266880e-01
6.979740801430061037e-01
6.996374184191442858e-01
6.962452538320910156e-01
6.948634325315939941e-01
6.909474795460543994e-01
6.865261813537675284e-01
6.763498192069620218e-01
6.711047991005384405e-01
6.717782535732884641e-01
6.747322491074969619e-01
6.792148576512455627e-01
6.762306154428054938e-01
6.801885293650372644e-01
6.746084724005134703e-01
6.735307380129265109e-01
6.740293525744858183e-01
6.753359341135674043e-01
6.707465766272744379e-01
6.770660011092624053e-01
6.730250134964907982e-01
6.748071979434447920e-01
6.739934711643090770e-01
6.721981107990809834e-01
6.709171979830811372e-01
6.667208385812376514e-01
6.707326859802584806e-01
6.729460186797530108e-01
6.735624123422159215e-01
6.756808518788063322e-01
6.794386867387850470e-01
6.775735566590083137e-01
6.779778141480270470e-01
6.825236774820844232e-01
6.859083795703514452e-01
6.890830309648782181e-01
6.896815198138437353e-01
6.903379993171729900e-01
6.938410081421669817e-01
6.970212482070783366e-01
7.003924413811298821e-01
7.023336158007952301e-01
7.038981958762886570e-01
7.070088088854845632e-01
7.083202017018593866e-01
7.103883131477087831e-01
7.124425101089606471e-01
7.144949202184458503e-01
7.187092864717467000e-01
7.207429224018754299e-01
7.252694753814457052e-01
7.326667856930311196e-01
7.339592653637861952e-01
7.388123042702021692e-01
7.430899039860343613e-01
7.465383170005492897e-01
7.499282145523459286e-01
7.528333048579075593e-01
7.576125299844785888e-01
7.600850444805012929e-01
7.647320435846119979e-01
7.638991744150964713e-01
7.599277491710025867e-01
7.598860277474501768e-01
7.580076789565034501e-01
7.580745826181931601e-01
7.559105595158727153e-01
7.553409868471071542e-01
7.530262104841937143e-01
7.548730650154799049e-01
7.551465542593863711e-01
7.555383010215223072e-01
7.554909405488537955e-01
7.521809216764651085e-01
7.529359158410016128e-01
7.539858540115316199e-01
7.555406312961719939e-01
7.553841208614592295e-01
7.539401371667348029e-01
7.545841114135937167e-01
7.555917674896200920e-01
7.546238938053098089e-01
7.567020738492665766e-01
7.595069728747509963e-01
7.622199481808878962e-01
7.633246124240524733e-01
7.663963518251629692e-01
7.689179064540297981e-01
7.705280619297760758e-01
7.755392021716539519e-01
7.786069125885212161e-01
7.819525132609245199e-01
7.806378939902792746e-01
7.815734345508472680e-01
7.842403440575634876e-01
7.863355317394888910e-01
7.868429142330156667e-01
7.872318775692946913e-01
7.910620656017559593e-01
7.945502431118313114e-01
7.991431400683063346e-01
7.999316761449269952e-01
8.000399680255795287e-01
8.039164855325344750e-01
8.044254812462791060e-01
8.066129096011700472e-01
8.097555209708240387e-01
8.111161230853712878e-01
8.143924575541818811e-01
8.166712120621810733e-01
8.187128828164421668e-01
8.180695219161953080e-01
8.199899973069673109e-01
8.225456500451220343e-01
8.242713058123289915e-01
8.273123042847322361e-01
8.295454545454545858e-01
8.335550824906865497e-01
8.352548543689319871e-01
8.377616290072291694e-01
8.393136903301308127e-01
8.424028801387292154e-01
8.437359086126560159e-01
8.453652685632894181e-01
8.496263135220184504e-01
8.499692215859278033e-01
8.511030095606562096e-01
8.518401896682658014e-01
8.554326272678415277e-01
8.558428853572548345e-01
8.574952142541599764e-01
8.596568573422976867e-01
8.611380921836342406e-01
8.649966097967710654e-01
8.682687376364569554e-01
8.720759966321337542e-01
8.741783523225241659e-01
8.746019905023562080e-01
8.762615261743991191e-01
8.780545240467350077e-01
8.812608569774175171e-01
8.842158601469470858e-01
8.874678918997142008e-01
8.891919721083151318e-01
8.904492356504182249e-01
8.933950706255405771e-01
8.958153269951022457e-01
9.012071672170194336e-01
9.031670454135555248e-01
9.042851998559596760e-01
9.051197238800604561e-01
9.097726782245881827e-01
9.094513617280849394e-01
9.140789166472099714e-01
9.147898436379285902e-01
9.169745668472216726e-01
9.185838171002651542e-01
9.187209717756340543e-01
9.191074167885555646e-01
9.232005715306305094e-01
9.302755587469706544e-01
9.323751347466762152e-01
9.351940046367018811e-01
9.362944071266927626e-01
9.374405541697323763e-01
9.401497602758174255e-01
9.429320499928171007e-01
9.487609263764982259e-01
9.510282799516951435e-01
9.521029300464914913e-01
9.527934872663087473e-01
9.574602601156069204e-01
9.594689785965863082e-01
9.617268111097055927e-01
9.666437039991297997e-01
9.673099574159644831e-01
9.700480464146495896e-01
9.707150882534160141e-01
9.749891020052310342e-01
9.765970214390922166e-01
9.791552785977187812e-01
9.805729698206736566e-01
9.803889435157870924e-01
9.821064139941692028e-01
9.830344777316131211e-01
9.853612236702806726e-01
9.894765739385066317e-01
9.887180237342061417e-01
9.913889244382689814e-01
9.968451944240646068e-01
9.983300913862076520e-01
9.988257527108599376e-01
1.001544231193470136e+00
1.005070432922781976e+00
1.005997084494307359e+00
1.007401938163359434e+00
1.008555220902086047e+00
1.009092421134335060e+00
1.010499075785582290e+00
1.012088786863394763e+00
1.013878838482233924e+00
1.013918788508648250e+00
1.014207975038537768e+00
1.013573232323232265e+00
1.014404514404514401e+00
1.020863685606485216e+00
1.024295596423148380e+00
1.026218985773807102e+00
1.026624828545123158e+00
1.027044297017421837e+00
1.029354133695078888e+00
1.029934024505183787e+00
1.032718406229917063e+00
1.033890287055083457e+00
1.033757032715149071e+00
1.034799438351485801e+00
1.036848913746528211e+00
1.040508021390374349e+00
1.046274419408747880e+00
1.047499903768428497e+00
1.049144598530291184e+00
1.049557112256122249e+00
1.049480474332728175e+00
1.051749144282647652e+00
1.052149141506143248e+00
1.054395337542496369e+00
1.057682560723614884e+00
1.059197938224842872e+00
1.059882697947214014e+00
1.061870419002077348e+00
1.063700528871674988e+00
1.064491355204600032e+00
1.066219151036525314e+00
1.068507521773554902e+00
1.068465182659715795e+00
1.069612578766374611e+00
1.069959585100240806e+00
1.068347975059264154e+00
1.071552775168388871e+00
1.071798667653589998e+00
1.073067136818063538e+00
1.074625065337139640e+00
1.076164549304295059e+00
1.077336566636354354e+00
1.078138291408433647e+00
1.081370275438382267e+00
1.084800457497651305e+00
1.086186758468064228e+00
1.087568765908531132e+00
1.088342422059882741e+00
1.091414287485022561e+00
1.092113434071620759e+00
1.093569798796929948e+00
1.099319642708072475e+00
1.098563014328084009e+00
1.099690104275723446e+00
1.100247680617942203e+00
1.102782868819650819e+00
1.102234130081643837e+00
1.103577239208062943e+00
1.101316095232059533e+00
1.102230404604706226e+00
1.104046733935209801e+00
1.103703703703703631e+00
1.104088822461833930e+00
1.106030086144087710e+00
1.106067773286316225e+00
1.107434094145057557e+00
1.105925526173772377e+00
1.107732651380521016e+00
1.110629964095310562e+00
1.109885318100553908e+00
1.110418580238813790e+00
1.111150093191535904e+00
1.111492130484480700e+00
1.114942020982882420e+00
1.117838772614402343e+00
1.121199964339841371e+00
1.123009482912864510e+00
1.122968277098979950e+00
1.124659477227187843e+00
1.131661370857921067e+00
1.132569893452326726e+00
1.136761337608795275e+00
1.139214017982385529e+00
1.140105644361405046e+00
1.139286126833776169e+00
1.141592305017962605e+00
1.142491685853159300e+00
1.143873480907839690e+00
1.147396810506566833e+00
1.147186147186147087e+00
1.147618710636189920e+00
1.149864986498649877e+00
1.149547366170076357e+00
1.151554218593324741e+00
1.152777777777777901e+00
1.151510791366906483e+00
1.150922988174214012e+00
1.154376375553244571e+00
1.154753239190566383e+00
1.158037216789015389e+00
1.158354328204877381e+00
1.160506863780359055e+00
1.161605954552176190e+00
1.160231088287576595e+00
1.159763167021750974e+00
1.161055957801497840e+00
1.164630788485607082e+00
1.166302244338887739e+00
1.167288776796973515e+00
1.172740672969401210e+00
1.173673469387755075e+00
1.177101508775531213e+00
1.178049031726411400e+00
1.178383264462810054e+00
1.176501008429435835e+00
1.184145959490499056e+00
1.184765246536960914e+00
1.190201197162671809e+00
1.190294755781340807e+00
1.191459396258503389e+00
1.195229563868759559e+00
1.196974175691290609e+00
1.196505608283002564e+00
1.200874786057757548e+00
1.202002018383656390e+00
1.202402123060928529e+00
1.203604494628973454e+00
1.205560305596160786e+00
1.207564959374393343e+00
1.207334745290380207e+00
1.209340135673039329e+00
1.216439441081631712e+00
1.217449283586324427e+00
1.217592855924008788e+00
1.218464611872146053e+00
1.216257931744125997e+00
1.219925244393329500e+00
1.220592904771526710e+00
1.224635576978918561e+00
1.225054624908958445e+00
1.232778398729337033e+00
1.236084396176723166e+00
1.237896742690406837e+00
1.238560918715233994e+00
1.239254412294393148e+00
1.241465621230398053e+00
1.247830455832648289e+00
1.246947496947496958e+00
1.246379473990385955e+00
1.245602706027060247e+00
1.247457103107126430e+00
1.248851502359076049e+00
1.246576195219123662e+00
1.242786813734654494e+00
1.246341845527181524e+00
1.248370745836350437e+00
1.251733198265218894e+00
1.252692442100581394e+00
1.252959382278804101e+00
1.260928433268858839e+00
1.266560488851329325e+00
1.267143183524266359e+00
1.265238017340094778e+00
1.263840120762642183e+00
1.263175230566534912e+00
1.262984009514999340e+00
1.264197940883427407e+00
1.263629997665810745e+00
1.266085206306608368e+00
1.265397423391301457e+00
1.267849298868052088e+00
1.272875816993464193e+00
1.273168066653008301e+00
1.273129111842105310e+00
1.273627053405732568e+00
1.274220826286542652e+00
1.276474670367800268e+00
1.273684942460800329e+00
1.278907509992286862e+00
1.279942279942279715e+00
1.281246679652913167e+00
1.280048290309981018e+00
1.277074592903363337e+00
1.278164364985904466e+00
1.279302192291159157e+00
1.278408274673179301e+00
1.282137437676132530e+00
1.282659987658354206e+00
1.280299996359267611e+00
1.281379259855778052e+00
1.283276324984368610e+00
1.288981982649959113e+00
1.293219326413262538e+00
1.293501913408869219e+00
1.289851262019231060e+00
1.292721638576071364e+00
1.289734848484848539e+00
1.293259154822238299e+00
1.298371610722789615e+00
1.300683635240044600e+00
1.301571899864157000e+00
1.304096761607491217e+00
1.310689546599496103e+00
1.319142176330420968e+00
1.329320170158118763e+00
1.326314097411991577e+00
1.323882400322190733e+00
1.331001667412257561e+00
1.338247371879106584e+00
1.339853906153274821e+00
1.342949649246606647e+00
1.342109648391934584e+00
1.343237361901573612e+00
1.343104317151016192e+00
1.344781031136612848e+00
1.344758918735700526e+00
1.343910842656004023e+00
1.342248954867331978e+00
1.342992894443968854e+00
1.349491891891891893e+00
1.356023228398026470e+00
1.365164079040225742e+00
1.368068494366072141e+00
1.369779362603075645e+00
1.369685849816521861e+00
1.372663814456203557e+00
1.376994922016684830e+00
1.383686905632772524e+00
1.382383942074148830e+00
1.383775566611387342e+00
1.382105555042055567e+00
1.387664787813853717e+00
1.396041931086353438e+00
1.407827080556084631e+00
1.403776463856570622e+00
1.402583114087538885e+00
1.409890747365367902e+00
1.411813280225384881e+00
1.416185819070904683e+00
1.416916204408227298e+00
1.424639190596637350e+00
1.422017892644135362e+00
1.424483465906248414e+00
1.429910309382243394e+00
1.434736254251916643e+00
1.438973257657104821e+00
1.438371616078752968e+00
1.436387946107168467e+00
1.436408719909081588e+00
1.435366043210196452e+00
1.436637324860669640e+00
1.440111128584159017e+00
1.443565400843881630e+00
1.448801742919390012e+00
1.457007992275921149e+00
1.455317319576548751e+00
1.456439598402245350e+00
1.456002599231060790e+00
1.455296932782249142e+00
1.462606310013717215e+00
1.467005356452592668e+00
1.468408498363565684e+00
1.469154395359214771e+00
1.468385650224215189e+00
1.471212463310002327e+00
1.477325746799430961e+00
1.476995090763785878e+00
1.479208488672211219e+00
1.476491550752960125e+00
1.475657591139824643e+00
1.479491052753892477e+00
1.486655741542783460e+00
1.485296707166754659e+00
1.492128314393939226e+00
1.490080779282489942e+00
1.496614942184410602e+00
1.502325862381441723e+00
1.502063607671764833e+00
1.502746917348309008e+00
1.503036996134732073e+00
1.508539603960395992e+00
1.515970056144728684e+00
1.520301223721368000e+00
1.524688626161724514e+00
1.524779491084459648e+00
1.526560806071041387e+00
1.526946491509131532e+00
1.527064426852030588e+00
1.528879115193066296e+00
1.537817872785513407e+00
1.539642950905749652e+00
1.541993798245035352e+00
1.545822818435383050e+00
1.540576437773940821e+00
1.535130827467127146e+00
1.531042275990428081e+00
1.532061119637018631e+00
1.525188496697137408e+00
1.522552622786501830e+00
1.517804551539491342e+00
1.513721552878179333e+00
1.507898259705488631e+00
1.503815261044176843e+00
1.501576017705049892e+00
1.501143856816040900e+00
1.499224492548384857e+00
1.505852729005036084e+00
1.506252989817535859e+00
1.510352892618834764e+00
1.510395800234855201e+00
1.514599555061179048e+00
1.515284757118928072e+00
1.525754257047975626e+00
1.525602836879432544e+00
1.526372059871703435e+00
1.529790890862217090e+00
1.529065172091686353e+00
1.525360230547550433e+00
1.528013336232514341e+00
1.539002932551319702e+00
1.542585355062310981e+00
1.551600893521965840e+00
1.550963981467643027e+00
1.554745622604644106e+00
1.565914444191170762e+00
1.565061709584031568e+00
1.560384997326407452e+00
1.579769864717773364e+00
1.582799061767005577e+00
1.587767632241813720e+00
1.595508292992619870e+00
1.603182217957943356e+00
1.608818086732641373e+00
1.611434578683486940e+00
1.615278229742922234e+00
1.619351669941061056e+00
1.626155878467635540e+00
1.629965098886488439e+00
1.623712196743104075e+00
1.624217641659017053e+00
1.621497281472187302e+00
1.617447414732255062e+00
1.615274743740547914e+00
1.614276082926006994e+00
1.620191899465059260e+00
1.624242424242424265e+00
1.637807509710833109e+00
1.648243396390898674e+00
1.649824868651488696e+00
1.645908253661959586e+00
1.655652019844082279e+00
1.649186738956536891e+00
1.651933208322171387e+00
1.648431214802896116e+00
1.649820143884892287e+00
1.652393857271905908e+00
1.653727272727272712e+00
1.662015788507435365e+00
1.662149705014749124e+00
1.665275846082522104e+00
1.659673226884515573e+00
1.657422056770590846e+00
1.659715728445857463e+00
1.665788978747414051e+00
1.663394374174060886e+00
1.660861334595362004e+00
1.659867172675521640e+00
1.665042979942693346e+00
1.663570197280214602e+00
1.670558718517803687e+00
1.665409534861232110e+00
1.668383210260396154e+00
1.669461778471138746e+00
1.675240526212448344e+00
1.673861620342992351e+00
1.675477675477675454e+00
1.677955971710329619e+00
1.675052410901467503e+00
1.684284707540521175e+00
1.679991924086412292e+00
1.695402887273472103e+00
1.701897298412043513e+00
1.706126256867420254e+00
1.702587550659877325e+00
1.709315728806455104e+00
1.711408688317165749e+00
1.718095845287429757e+00
1.726260571673268407e+00
1.722537777301468065e+00
1.724308619390939601e+00
1.720651704790677528e+00
1.716121369182593837e+00
1.710133967156438839e+00
1.712889564556412170e+00
1.709302325581395277e+00
1.709776078645548925e+00
1.708150744960560852e+00
1.717254338454736518e+00
1.725547119249664973e+00
1.732943688883893385e+00
1.737599093997735267e+00
1.738274134790528169e+00
1.741326004809343964e+00
1.750086655112651934e+00
1.752932977116970603e+00
1.752627890679747669e+00
1.764114096342762394e+00
1.758551307847082468e+00
1.760308972073677758e+00
1.782708585247883892e+00
1.804393177076941912e+00
1.809882643607165109e+00
1.814161490683229960e+00
1.811706102117060846e+00
1.818626835697251254e+00
1.826908445346183019e+00
1.823027989821882855e+00
1.825975687779910261e+00
1.834150116069125813e+00
1.830018083182640254e+00
1.830475448168355390e+00
1.840325117986365999e+00
1.851390728476821179e+00
1.845776422225169133e+00
1.841643398484244187e+00
1.840672538030424521e+00
1.843050529419648864e+00
1.852388039507509188e+00
1.881224996551248418e+00
1.885052689961175920e+00
1.883277685030606552e+00
1.875904284919309939e+00
1.874947603744585800e+00
1.881375035221188874e+00
1.900457665903890092e+00
1.897535110346804110e+00
1.889796503296073515e+00
1.907477451265638724e+00
1.915614910478426802e+00
1.918117438772499295e+00
1.910445559161994655e+00
1.911368015414258048e+00
1.919856459330143483e+00
1.925022583559168998e+00
1.926906779661016866e+00
1.930902989627821809e+00
1.922208663819402030e+00
1.950931677018633570e+00
1.954396376698422699e+00
1.968118686868687073e+00
1.968750000000000222e+00
1.975255427841634992e+00
1.978138562932004296e+00
1.977081988379599808e+00
1.976344782890472995e+00
2.001645819618169675e+00
1.997366688610928254e+00
2.008309788931361251e+00
2.019647355163727731e+00
2.023279352226720729e+00
2.037845209682918490e+00
2.036043730782371330e+00
2.044624396967608781e+00
2.050086655112651535e+00
2.052411631551454008e+00
2.053228621291448341e+00
2.062015503875969102e+00
2.065602836879432580e+00
2.095598845598845461e+00
2.087570110367287679e+00
2.099561563755937055e+00
2.097895699908508327e+00
2.097449073224444849e+00
2.115356083086053385e+00
2.117033171822586546e+00
2.146707155057885785e+00
2.184287099903006624e+00
2.177384884398679166e+00
2.198425196850393615e+00
2.195690847993674755e+00
2.195673744790632931e+00
2.195855748157003351e+00
2.193238647729546020e+00
2.179635927185437083e+00
2.176199076861328408e+00
2.171394085697043064e+00
2.163749748541540896e+00
2.153892576946288440e+00
2.165078077469073214e+00
2.161237785016286939e+00
2.169780332580578897e+00
2.165364047716988871e+00
2.154668860551213427e+00
2.153305785123967198e+00
2.144894584539065896e+00
2.158444816053511683e+00
2.159353348729792454e+00
2.161739864864864913e+00
2.169610555437326838e+00
2.174882126018002904e+00
2.163523360480068547e+00
2.168107173725151160e+00
2.167280606717226554e+00
2.183771929824561475e+00
2.196282363354724598e+00
2.188537287010400512e+00
2.190656284760845285e+00
2.182405345211581249e+00
2.190486874579313792e+00
2.221079103795152943e+00
2.225040350472677453e+00
2.218584274844362714e+00
2.229297877303475506e+00
2.224871435250117102e+00
2.246215704824976456e+00
2.284332688588007532e+00
2.281802762297068465e+00
2.268233583716985802e+00
2.275811569441054782e+00
2.268245057359043138e+00
2.285361639101456621e+00
2.292464561054464056e+00
2.293043043043042406e+00
2.314213197969543057e+00
2.320296523517382692e+00
2.314724711907810484e+00
2.321963824289405398e+00
2.331858407079645978e+00
2.336916622968012724e+00
2.339757127771910916e+00
2.362419700214132945e+00
2.354389721627408782e+00
2.359665678080344886e+00
2.358265582655826531e+00
2.363785110444505122e+00
2.351786201254431052e+00
2.349275758403935210e+00
2.360231341228311575e+00
2.395903479236812572e+00
2.384960718294051762e+00
2.375701459034792684e+00
2.370672670982268304e+00
2.381127798243128701e+00
2.393480125822133431e+00
2.378896196740063029e+00
2.420929552762350223e+00
2.413037123648056337e+00
2.407147041593438619e+00
2.442193087008343255e+00
2.432359952324195440e+00
2.422526817640047625e+00
2.415347865034338959e+00
2.408480143326366285e+00
2.435283419217944889e+00
2.437233394271784981e+00
2.447044334975369662e+00
2.482142857142857206e+00
2.489892608970309507e+00
2.483259633607075134e+00
2.492679821769573589e+00
2.484086569064290373e+00
2.479591836734694077e+00
2.493238892466194567e+00
2.493531694695989565e+00
2.506362153344208643e+00
2.493311582381729341e+00
2.489856020942408321e+00
2.478075916230366271e+00
2.464811783960720426e+00
2.466776315789473539e+00
2.455263157894736814e+00
2.465980750082973572e+00
2.467177607464178468e+00
2.487015177065767357e+00
2.501702997275204510e+00
2.505652620760534521e+00
2.498798489529694411e+00
2.508638562543192840e+00
2.536165730337078816e+00
2.549415515409139132e+00
2.542553191489361541e+00
2.532624113475177463e+00
2.532833690221270917e+00
2.540064678404599263e+00
2.531463502337288674e+00
2.545256270447110225e+00
2.573323507737656612e+00
2.587053571428571619e+00
2.580729166666666519e+00
2.572228443449048552e+00
2.580015026296018199e+00
2.567242674680691117e+00
2.554094665664913943e+00
2.540195341848234367e+00
2.550680786686838175e+00
2.566781477229238551e+00
2.606249999999999734e+00
2.609362706530291121e+00
2.622116149562450094e+00
2.626298960831334739e+00
2.618305355715428107e+00
2.607114308553157844e+00
2.597921662669864240e+00
2.587529976019184552e+00
2.586179188429087894e+00
2.601705237515225200e+00
2.598457166057653644e+00
2.607449856733524474e+00
2.660646787064258945e+00
2.649307013859723003e+00
2.639647207055858757e+00
2.651861252115059298e+00
2.675074818298418311e+00
2.706163194444444198e+00
2.697916666666666519e+00
2.719298245614035103e+00
2.702631578947368496e+00
2.712831858407080077e+00
2.700884955752212768e+00
2.763528876762164632e+00
2.757617098681218515e+00
2.751250568440199995e+00
2.810368986454927498e+00
2.812617702448211077e+00
2.828422053231939071e+00
2.867085548574190401e+00
2.906003937007874072e+00
2.927644710578841902e+00
2.951010101010100861e+00
2.940909090909090917e+00
2.932828282828282784e+00
2.921212121212121371e+00
2.945835462442514263e+00
2.977673935617860757e+00
2.966251298026999272e+00
2.956905503634475796e+00
2.983727034120734700e+00
2.968503937007874072e+00
2.942782152230971171e+00
2.966507177033492759e+00
2.981172673480366075e+00
2.995656894679695981e+00
2.997263273125342131e+00
2.985769020251778816e+00
3.017787659811006051e+00
3.007226236798221208e+00
3.033146067415730673e+00
3.020786516853932735e+00
3.009550561797752710e+00
2.994382022471909988e+00
2.978651685393258752e+00
2.970786516853932913e+00
3.001138303927148421e+00
2.992031872509960166e+00
3.023685730791449977e+00
3.097329376854598859e+00
3.087240356083086112e+00
3.149878640776699434e+00
3.193827160493827311e+00
3.247325361862806847e+00
3.234738829452485920e+00
3.328135152696555910e+00
3.304093567251462193e+00
3.280051981806368033e+00
3.268356075373619163e+00
3.261858349577647864e+00
3.252111760883690472e+00
3.284772577455504106e+00
3.272247857613711286e+00
3.294078509647371700e+00
3.280106453759148444e+00
3.262807717897538318e+00
3.250166333998669277e+00
3.228210246174318510e+00
3.223552894211576980e+00
3.240107310529845908e+00
3.219315895372233172e+00
3.207243460764587439e+00
3.188464118041583362e+00
3.173708920187793492e+00
3.167672702883970626e+00
3.152246814218645277e+00
3.153638814016172631e+00
3.174624829467939779e+00
3.165757162346521270e+00
3.150068212824010505e+00
3.140518417462482503e+00
3.129604365620736406e+00
3.170952050034746783e+00
3.160528144544823004e+00
3.148019457956914735e+00
3.142460041695621875e+00
3.128561501042390613e+00
3.139860139860139565e+00
3.130069930069929729e+00
3.115384615384614975e+00
3.108391608391608329e+00
3.099300699300699069e+00
3.137980085348506698e+00
3.163074712643677788e+00
3.172338884866038988e+00
3.192251461988304229e+00
3.246085011185682490e+00
3.236390753169276824e+00
3.222222222222222321e+00
3.252456538170824363e+00
3.295384615384615135e+00
3.297527047913446641e+00
3.330980392156862369e+00
3.372705506783718832e+00
3.363128491620111848e+00
3.400809716599189958e+00
3.391902834008097223e+00
3.502512562814070307e+00
3.486599664991624881e+00
3.472361809045226622e+00
3.459798994974874642e+00
3.523484201537148142e+00
3.497865072587531987e+00
3.621118012422360533e+00
3.608695652173913526e+00
3.592724046140194805e+00
3.569653948535935761e+00
3.546583850931676718e+00
3.600180505415162546e+00
3.633699633699633669e+00
3.825918762088975189e+00
3.820116054158607888e+00
3.812379110251451042e+00
3.791102514506769605e+00
3.818181818181818343e+00
3.901606425702811798e+00
3.891566265060241392e+00
3.968205128205128496e+00
3.948717948717948900e+00
3.923076923076922906e+00
4.023206751054853036e+00
4.009493670886076444e+00
3.992616033755274518e+00
4.046038543897215511e+00
4.135016465422612697e+00
4.263873159682899150e+00
4.241223103057757626e+00
4.226500566251416124e+00
4.212910532276331388e+00
4.345882352941176308e+00
4.332941176470588296e+00
4.315294117647058947e+00
4.299999999999999822e+00
4.282352941176470473e+00
4.340909090909090828e+00
4.326555023923444487e+00
4.312200956937799035e+00
4.395348837209302140e+00
4.383108935128518624e+00
4.369645042839657378e+00
4.422885572139303889e+00
4.405472636815920495e+00
4.472750316856781261e+00
4.460076045627376473e+00
4.447401774397972574e+00
4.726657645466847413e+00
4.721244925575101448e+00
4.707713125845737423e+00
4.728882833787466211e+00
4.719346049046321490e+00
4.715258855585831910e+00
4.704359673024523403e+00
4.689373297002725316e+00
4.655313351498637786e+00
4.640326975476839699e+00
4.615803814713896891e+00
4.598092643051771233e+00
4.708683473389355889e+00
4.782546494992847563e+00
4.851528384279475858e+00
4.842794759825327588e+00
4.984962406015037040e+00
4.960902255639097369e+00
4.933834586466165462e+00
5.112676056338028019e+00
5.084507042253521014e+00
5.067292644757433351e+00
5.094637223974762819e+00
5.209415584415584277e+00
5.181818181818181657e+00
5.162337662337662003e+00
5.327731092436974514e+00
5.310924369747898943e+00
5.399656946826758563e+00
5.379073756432247500e+00
5.367066895368782120e+00
5.353344768439108670e+00
5.336192109777015524e+00
5.324185248713551033e+00
5.307032590051457888e+00
5.274442538593482332e+00
5.229845626072041398e+00
5.324561403508772273e+00
5.438848920863310177e+00
5.410071942446043280e+00
5.388489208633093774e+00
5.370503597122302075e+00
5.347122302158273222e+00
5.334532374100719565e+00
5.307553956834532904e+00
5.369287020109689834e+00
5.343692870201096845e+00
5.325411334552102360e+00
5.484905660377358494e+00
5.443396226415094574e+00
5.644400785854617020e+00
5.624754420432219959e+00
5.616895874263261312e+00
5.597249508840864252e+00
5.815950920245399836e+00
5.797546012269938487e+00
6.279379157427937841e+00
6.270509977827050108e+00
6.268292682926829507e+00
6.257206208425720284e+00
6.250554323725054928e+00
6.217294900221729037e+00
6.188470066518847013e+00
6.150776053215077255e+00
6.130820399113082075e+00
6.255125284738041636e+00
6.211845102505694882e+00
6.186788154897494785e+00
6.152619589977220471e+00
6.102505694760820276e+00
6.066059225512528741e+00
6.206088992974238217e+00
6.168618266978922904e+00
6.159250585480092965e+00
6.096018735362997099e+00
6.070257611241217433e+00
6.056206088992974301e+00
6.046838407494145251e+00
6.039812646370023685e+00
6.018735362997657212e+00
6.009367681498829050e+00
5.985948477751755981e+00
5.960187353629976315e+00
5.946135831381732295e+00
6.103614457831325169e+00
6.053012048192770500e+00
6.012048192771083599e+00
6.000000000000000000e+00
5.961445783132529819e+00
5.939759036144578452e+00
5.925301204819276357e+00
5.906024096385542599e+00
5.874698795180722577e+00
5.857831325301204650e+00
5.838554216867469115e+00
5.816867469879517749e+00
5.795180722891566383e+00
5.778313253012048456e+00
5.756626506024096201e+00
5.746987951807228434e+00
5.720481927710842740e+00
5.703614457831325701e+00
5.689156626506023606e+00
5.667469879518072240e+00
5.730864197530864956e+00
5.713580246913580574e+00
5.676543209876543372e+00
5.649382716049383468e+00
5.604938271604938294e+00
5.575308641975309065e+00
5.550617283950617598e+00
5.538271604938272752e+00
5.782945736434109030e+00
5.767441860465116754e+00
5.751937984496124479e+00
5.746770025839793128e+00
5.726098191214471278e+00
5.710594315245479002e+00
5.708010335917313327e+00
5.700258397932817189e+00
5.656330749354005150e+00
6.305475504322766156e+00
6.288184438040345547e+00
6.262247838616715079e+00
6.239193083573487009e+00
6.204610951008645792e+00
6.178674351585015323e+00
6.141210374639769931e+00
6.129682997118155896e+00
6.129682997118155896e+00
6.407854984894259864e+00
6.374622356495467379e+00
6.341389728096676670e+00
6.326283987915407359e+00
6.283987915407854175e+00
6.271903323262839614e+00
6.247734138972808715e+00
6.193353474320241858e+00
6.172205438066464822e+00
6.135951661631419363e+00
6.337499999999999467e+00
6.315624999999998934e+00
6.293750000000000178e+00
6.274999999999998579e+00
6.228124999999999467e+00
6.221874999999999822e+00
6.209374999999999645e+00
6.184374999999999289e+00
6.174999999999998934e+00
6.121874999999999289e+00
6.081249999999999822e+00
6.012499999999999289e+00
5.974999999999999645e+00
5.918749999999999289e+00
5.912499999999999645e+00
5.884374999999999467e+00
5.862499999999999822e+00
5.843749999999999112e+00
5.843749999999999112e+00
5.837499999999999467e+00
5.812500000000000000e+00
5.796875000000000000e+00
5.787499999999999645e+00
6.105610561056106000e+00
6.095709570957095202e+00
6.079207920792079278e+00
6.033003300330032737e+00
5.990099009900990090e+00
5.963696369636964256e+00
5.947194719471947444e+00
6.261324041811847430e+00
6.195121951219512368e+00
6.177700348432056288e+00
6.800000000000000711e+00
6.948616600790512798e+00
6.932806324110670992e+00
6.924901185770750978e+00
6.905138339920948276e+00
6.909090909090908283e+00
6.869565217391303769e+00
6.845849802371541060e+00
7.370212765957447232e+00
7.777272727272727337e+00
7.709090909090908994e+00
8.459999999999999076e+00
8.449999999999999289e+00
8.434999999999998721e+00
8.359999999999999432e+00
8.330000000000000071e+00
8.339999999999999858e+00
8.335000000000000853e+00
8.310000000000000497e+00
8.299999999999998934e+00
8.244999999999999218e+00
9.060773480662982493e+00
9.005524861878452469e+00
8.988950276243093285e+00
8.961325966850827385e+00
8.966850828729281631e+00
1.000000000000000000e+01
1.000000000000000000e+01
1.000000000000000000e+01
9.993710691823899595e+00
9.937106918238994169e+00
9.893081761006289554e+00
9.874213836477988337e+00
9.823899371069183317e+00
9.823899371069183317e+00
9.761006289308177486e+00
9.716981132075471095e+00
9.704402515723272060e+00
9.679245283018868662e+00
9.597484276729559838e+00
9.591194968553461209e+00
9.559748427672957405e+00
9.547169811320754818e+00
9.547169811320754818e+00
9.540880503144654412e+00
9.862745098039214398e+00
9.843137254901959565e+00
9.803921568627451677e+00
9.738562091503267126e+00
9.699346405228757462e+00
9.660130718954247797e+00
9.620915032679738133e+00
9.620915032679738133e+00
9.601307189542483300e+00
9.594771241830065023e+00
9.575163398692810190e+00
9.542483660130718803e+00
9.522875816993463971e+00
9.509803921568627416e+00
9.496732026143790861e+00
9.483660130718954306e+00
9.457516339869279420e+00
9.385620915032680145e+00
9.385620915032680145e+00
9.339869281045750427e+00
9.287581699346404207e+00
1.000000000000000000e+01
1.000000000000000000e+01
1.000000000000000000e+01
1.000000000000000000e+01
1.000000000000000000e+01
1.000000000000000000e+01
1.000000000000000000e+01
1.000000000000000000e+01
1.000000000000000000e+01
1.000000000000000000e+01
1.000000000000000000e+01
1.000000000000000000e+01
1.000000000000000000e+01
1.000000000000000000e+01
1.000000000000000000e+01
1.000000000000000000e+01
1.000000000000000000e+01
1.000000000000000000e+01
1.000000000000000000e+01
1.000000000000000000e+01
1.000000000000000000e+01
1.000000000000000000e+01
1.000000000000000000e+01
1.000000000000000000e+01
1.000000000000000000e+01
1.000000000000000000e+01
1.000000000000000000e+01
1.000000000000000000e+01
9.992248062015503862e+00
9.937984496124030898e+00
9.875968992248061795e+00
9.875968992248061795e+00
9.852713178294573382e+00
9.844961240310079020e+00
9.767441860465117642e+00
9.767441860465117642e+00
9.674418604651163989e+00
9.620155038759689248e+00
9.565891472868218059e+00
9.534883720930233508e+00
9.511627906976745095e+00
9.496124031007752819e+00
9.496124031007752819e+00
9.457364341085272130e+00
9.457364341085272130e+00
9.410852713178295303e+00
9.395348837209303028e+00
9.310077519379845512e+00
9.279069767441860961e+00
9.279069767441860961e+00
9.248062015503876410e+00
9.240310077519380272e+00
9.209302325581395721e+00
9.186046511627907307e+00
9.155038759689922756e+00
9.131782945736434343e+00
9.108527131782945929e+00
9.108527131782945929e+00
8.992248062015503862e+00
8.992248062015503862e+00
8.961240310077519311e+00
8.930232558139536536e+00
8.697674418604650626e+00
8.689922480620156264e+00
8.674418604651163989e+00
8.658914728682169937e+00
8.627906976744187162e+00
8.604651162790698748e+00
8.589147286821706473e+00
8.581395348837208559e+00
8.519379844961241233e+00
8.496124031007752819e+00
8.472868217054264406e+00
8.465116279069768268e+00
8.457364341085272130e+00
8.403100775193797389e+00
8.333333333333333925e+00
8.891666666666667496e+00
8.858333333333332504e+00
8.816666666666666430e+00
8.750000000000000000e+00
8.750000000000000000e+00
8.716666666666666785e+00
8.708333333333332149e+00
8.691666666666666430e+00
8.683333333333333570e+00
8.683333333333333570e+00
8.624999999999998224e+00
8.599999999999999645e+00
8.533333333333333215e+00
8.483333333333332504e+00
8.466666666666666785e+00
8.466666666666666785e+00
8.424999999999998934e+00
8.391666666666667496e+00
8.375000000000000000e+00
8.316666666666666430e+00
9.631067961165049596e+00
9.621359223300970598e+00
9.611650485436893376e+00
9.611650485436893376e+00
9.582524271844659935e+00
9.563106796116505492e+00
9.524271844660194830e+00
9.504854368932040387e+00
9.504854368932040387e+00
9.407766990291262843e+00
9.407766990291262843e+00
9.320388349514564297e+00
9.194174757281553312e+00
9.194174757281553312e+00
9.155339805825242649e+00
9.145631067961165428e+00
9.067961165048544103e+00
8.970873786407768335e+00
8.902912621359222456e+00
8.902912621359222456e+00
1.000000000000000000e+01
1.000000000000000000e+01
1.000000000000000000e+01
1.000000000000000000e+01
1.000000000000000000e+01
1.000000000000000000e+01
1.000000000000000000e+01
1.000000000000000000e+01
1.000000000000000000e+01
1.000000000000000000e+01
1.000000000000000000e+01
1.000000000000000000e+01
1.000000000000000000e+01
1.000000000000000000e+01
1.000000000000000000e+01
1.000000000000000000e+01
1.000000000000000000e+01
1.000000000000000000e+01
1.000000000000000000e+01
1.000000000000000000e+01
1.000000000000000000e+01
1.000000000000000000e+01
1.000000000000000000e+01
1.000000000000000000e+01
1.000000000000000000e+01
1.000000000000000000e+01
1.000000000000000000e+01
1.000000000000000000e+01
1.000000000000000000e+01
1.000000000000000000e+01
1.000000000000000000e+01
1.000000000000000000e+01
1.000000000000000000e+01
1.000000000000000000e+01
1.000000000000000000e+01
1.000000000000000000e+01
1.000000000000000000e+01
1.000000000000000000e+01
1.000000000000000000e+01
1.000000000000000000e+01
1.000000000000000000e+01
1.000000000000000000e+01
1.000000000000000000e+01
1.000000000000000000e+01
1.000000000000000000e+01
1.000000000000000000e+01
1.000000000000000000e+01
1.000000000000000000e+01
1.000000000000000000e+01
1.000000000000000000e+01
1.000000000000000000e+01
1.000000000000000000e+01
1.000000000000000000e+01
1.000000000000000000e+01
1.000000000000000000e+01
1.000000000000000000e+01
1.000000000000000000e+01
1.000000000000000000e+01
1.000000000000000000e+01
1.000000000000000000e+01
1.000000000000000000e+01
1.000000000000000000e+01
1.000000000000000000e+01
1.000000000000000000e+01
1.000000000000000000e+01
1.000000000000000000e+01
1.000000000000000000e+01
1.000000000000000000e+01
1.000000000000000000e+01
1.000000000000000000e+01
1.000000000000000000e+01
1.000000000000000000e+01
1.000000000000000000e+01
1.000000000000000000e+01
1.000000000000000000e+01
1.000000000000000000e+01
1.000000000000000000e+01
1.000000000000000000e+01
1.000000000000000000e+01
1.000000000000000000e+01
1.000000000000000000e+01
1.000000000000000000e+01
1.000000000000000000e+01
1.000000000000000000e+01
1.000000000000000000e+01
1.000000000000000000e+01
1.000000000000000000e+01
1.000000000000000000e+01
1.000000000000000000e+01
1.000000000000000000e+01
1.000000000000000000e+01
1.000000000000000000e+01
1.000000000000000000e+01
1.000000000000000000e+01
1.000000000000000000e+01
1.000000000000000000e+01
1.000000000000000000e+01
1.000000000000000000e+01
1.000000000000000000e+01
1.000000000000000000e+01
1.000000000000000000e+01
1.000000000000000000e+01
1.000000000000000000e+01
1.000000000000000000e+01
1.000000000000000000e+01
1.000000000000000000e+01
1.000000000000000000e+01
1.000000000000000000e+01
1.000000000000000000e+01
1.000000000000000000e+01
1.000000000000000000e+01
1.000000000000000000e+01
1.000000000000000000e+01
1.000000000000000000e+01
1.000000000000000000e+01
1.000000000000000000e+01
1.000000000000000000e+01
1.000000000000000000e+01
1.000000000000000000e+01
1.000000000000000000e+01
1.000000000000000000e+01
1.000000000000000000e+01
1.000000000000000000e+01
1.000000000000000000e+01
1.000000000000000000e+01
1.000000000000000000e+01
1.000000000000000000e+01
1.000000000000000000e+01
1.000000000000000000e+01
1.000000000000000000e+01
1.000000000000000000e+01
1.000000000000000000e+01
1.000000000000000000e+01
1.000000000000000000e+01
1.000000000000000000e+01
1.000000000000000000e+01
1.000000000000000000e+01
1.000000000000000000e+01
1.000000000000000000e+01
1.000000000000000000e+01
1.000000000000000000e+01
1.000000000000000000e+01
1.000000000000000000e+01
1.000000000000000000e+01
1.000000000000000000e+01
1.000000000000000000e+01
1.000000000000000000e+01
1.000000000000000000e+01
1.000000000000000000e+01
1.000000000000000000e+01
1.000000000000000000e+01
1.000000000000000000e+01
1.000000000000000000e+01
1.000000000000000000e+01
1.000000000000000000e+01
1.000000000000000000e+01
1.000000000000000000e+01
1.000000000000000000e+01
1.000000000000000000e+01
1.000000000000000000e+01
1.000000000000000000e+01
1.000000000000000000e+01
1.000000000000000000e+01
1.000000000000000000e+01
1.000000000000000000e+01
1.000000000000000000e+01
1.000000000000000000e+01
1.000000000000000000e+01
1.000000000000000000e+01
1.000000000000000000e+01
1.000000000000000000e+01
1.000000000000000000e+01
1.000000000000000000e+01
1.000000000000000000e+01
1.000000000000000000e+01
1.000000000000000000e+01
1.000000000000000000e+01
1.000000000000000000e+01
1.000000000000000000e+01
1.000000000000000000e+01
1.000000000000000000e+01
1.000000000000000000e+01
1.000000000000000000e+01
1.000000000000000000e+01
1.000000000000000000e+01
1.000000000000000000e+01
1.000000000000000000e+01
1.000000000000000000e+01
1.000000000000000000e+01
1.000000000000000000e+01
1.000000000000000000e+01
1.000000000000000000e+01
1.000000000000000000e+01
1.000000000000000000e+01
1.000000000000000000e+01
1.000000000000000000e+01
1.000000000000000000e+01
1.000000000000000000e+01
1.000000000000000000e+01
1.000000000000000000e+01
1.000000000000000000e+01
1.000000000000000000e+01
1.000000000000000000e+01
1.000000000000000000e+01
1.000000000000000000e+01
1.000000000000000000e+01
1.000000000000000000e+01
1.000000000000000000e+01
1.000000000000000000e+01
1.000000000000000000e+01
1.000000000000000000e+01
1.000000000000000000e+01
1.000000000000000000e+01
1.000000000000000000e+01
1.000000000000000000e+01
1.000000000000000000e+01
1.000000000000000000e+01
1.000000000000000000e+01
1.000000000000000000e+01
1.000000000000000000e+01
1.000000000000000000e+01
1.000000000000000000e+01
1.000000000000000000e+01
1.000000000000000000e+01
1.000000000000000000e+01
1.000000000000000000e+01
1.000000000000000000e+01
1.000000000000000000e+01
1.000000000000000000e+01
1.000000000000000000e+01
1.000000000000000000e+01
1.000000000000000000e+01
1.000000000000000000e+01
1.000000000000000000e+01
1.000000000000000000e+01
1.000000000000000000e+01
1.000000000000000000e+01
1.000000000000000000e+01
1.000000000000000000e+01
1.000000000000000000e+01
1.000000000000000000e+01
1.000000000000000000e+01
1.000000000000000000e+01
1.000000000000000000e+01
1.000000000000000000e+01
1.000000000000000000e+01
1.000000000000000000e+01
1.000000000000000000e+01
1.000000000000000000e+01
1.000000000000000000e+01
1.000000000000000000e+01
1.000000000000000000e+01
1.000000000000000000e+01
1.000000000000000000e+01
1.000000000000000000e+01
1.000000000000000000e+01
1.000000000000000000e+01
1.000000000000000000e+01
1.000000000000000000e+01
1.000000000000000000e+01
1.000000000000000000e+01
1.000000000000000000e+01
1.000000000000000000e+01
1.000000000000000000e+01
1.000000000000000000e+01
1.000000000000000000e+01
1.000000000000000000e+01
1.000000000000000000e+01
1.000000000000000000e+01
1.000000000000000000e+01
1.000000000000000000e+01
1.000000000000000000e+01
1.000000000000000000e+01
1.000000000000000000e+01
1.000000000000000000e+01
1.000000000000000000e+01
1.000000000000000000e+01
1.000000000000000000e+01
1.000000000000000000e+01
1.000000000000000000e+01
1.000000000000000000e+01
1.000000000000000000e+01
1.000000000000000000e+01
1.000000000000000000e+01
1.000000000000000000e+01
1.000000000000000000e+01
1.000000000000000000e+01
1.000000000000000000e+01
1.000000000000000000e+01
1.000000000000000000e+01
1.000000000000000000e+01
1.000000000000000000e+01
1.000000000000000000e+01
1.000000000000000000e+01
1.000000000000000000e+01
1.000000000000000000e+01
1.000000000000000000e+01
1.000000000000000000e+01
1.000000000000000000e+01
1.000000000000000000e+01
1.000000000000000000e+01
1.000000000000000000e+01
1.000000000000000000e+01
1.000000000000000000e+01
1.000000000000000000e+01
1.000000000000000000e+01
1.000000000000000000e+01
1.000000000000000000e+01
1.000000000000000000e+01
1.000000000000000000e+01
1.000000000000000000e+01
1.000000000000000000e+01
1.000000000000000000e+01
1.000000000000000000e+01
1.000000000000000000e+01
1.000000000000000000e+01
1.000000000000000000e+01
1.000000000000000000e+01
1.000000000000000000e+01
1.000000000000000000e+01
1.000000000000000000e+01
1.000000000000000000e+01
1.000000000000000000e+01
1.000000000000000000e+01
1.000000000000000000e+01
1.000000000000000000e+01
1.000000000000000000e+01
1.000000000000000000e+01
1.000000000000000000e+01
1.000000000000000000e+01
1.000000000000000000e+01
1.000000000000000000e+01
1.000000000000000000e+01
1.000000000000000000e+01
1.000000000000000000e+01
1.000000000000000000e+01
1.000000000000000000e+01
1.000000000000000000e+01
1.000000000000000000e+01
1.000000000000000000e+01
1.000000000000000000e+01
1.000000000000000000e+01
1.000000000000000000e+01
1.000000000000000000e+01
1.000000000000000000e+01
1.000000000000000000e+01
1.000000000000000000e+01
1.000000000000000000e+01
1.000000000000000000e+01
1.000000000000000000e+01
1.000000000000000000e+01
1.000000000000000000e+01
1.000000000000000000e+01
1.000000000000000000e+01
1.000000000000000000e+01
1.000000000000000000e+01
1.000000000000000000e+01
1.000000000000000000e+01
1.000000000000000000e+01
1.000000000000000000e+01
1.000000000000000000e+01
1.000000000000000000e+01
1.000000000000000000e+01
1.000000000000000000e+01
1.000000000000000000e+01
1.000000000000000000e+01
1.000000000000000000e+01
1.000000000000000000e+01
1.000000000000000000e+01
1.000000000000000000e+01
1.000000000000000000e+01
1.000000000000000000e+01
1.000000000000000000e+01
1.000000000000000000e+01
1.000000000000000000e+01
1.000000000000000000e+01
1.000000000000000000e+01
1.000000000000000000e+01
1.000000000000000000e+01
1.000000000000000000e+01
1.000000000000000000e+01
1.000000000000000000e+01
1.000000000000000000e+01
1.000000000000000000e+01
1.000000000000000000e+01
1.000000000000000000e+01
1.000000000000000000e+01
1.000000000000000000e+01
1.000000000000000000e+01
1.000000000000000000e+01
1.000000000000000000e+01
1.000000000000000000e+01
1.000000000000000000e+01
1.000000000000000000e+01
1.000000000000000000e+01
1.000000000000000000e+01
1.000000000000000000e+01
1.000000000000000000e+01
1.000000000000000000e+01
1.000000000000000000e+01
1.000000000000000000e+01
1.000000000000000000e+01
1.000000000000000000e+01
1.000000000000000000e+01
1.000000000000000000e+01
1.000000000000000000e+01
1.000000000000000000e+01
1.000000000000000000e+01
1.000000000000000000e+01
1.000000000000000000e+01
1.000000000000000000e+01
1.000000000000000000e+01
1.000000000000000000e+01
1.000000000000000000e+01
1.000000000000000000e+01
1.000000000000000000e+01
1.000000000000000000e+01
1.000000000000000000e+01
1.000000000000000000e+01
1.000000000000000000e+01
1.000000000000000000e+01
1.000000000000000000e+01
1.000000000000000000e+01
1.000000000000000000e+01
1.000000000000000000e+01
1.000000000000000000e+01
1.000000000000000000e+01
1.000000000000000000e+01
1.000000000000000000e+01
1.000000000000000000e+01
1.000000000000000000e+01
1.000000000000000000e+01
1.000000000000000000e+01
1.000000000000000000e+01
1.000000000000000000e+01
1.000000000000000000e+01
1.000000000000000000e+01
1.000000000000000000e+01
