1.000000000000000000e+00
7.500000000000000000e-01
5.909090909090909394e-01
7.608695652173912416e-01
8.026315789473683626e-01
8.239999999999999547e-01
8.426966292134830949e-01
8.750000000000000000e-01
8.098159509202453865e-01
8.575063613231551640e-01
8.559322033898305593e-01
8.202054794520547976e-01
7.896995708154506133e-01
7.788697788697788171e-01
7.701271186440677985e-01
7.502329916123020581e-01
7.467213114754098768e-01
7.360000000000000986e-01
7.334208798424162179e-01
7.314049586776859568e-01
7.314316469321850978e-01
7.385912698412698818e-01
7.367216117216116578e-01
7.587548638132296519e-01
7.697929354445797179e-01
7.618154538634658302e-01
7.732104890148830956e-01
7.682685977616854345e-01
7.770186335403725941e-01
7.727404824179017195e-01
7.760660247592847671e-01
7.702842377260982198e-01
7.640125090209285430e-01
7.678244972577696892e-01
7.705308775731311011e-01
7.574047954866007792e-01
7.614909231363461428e-01
7.622815087396505040e-01
7.746453900709219242e-01
7.697102425876010123e-01
7.748333604291984811e-01
7.807428214731585436e-01
7.737334719952458917e-01
7.698322433892521577e-01
7.726523887973641980e-01
7.731604023292747430e-01
7.748851454823890705e-01
7.781481481481481444e-01
7.810488676996424351e-01
7.866171865939927121e-01
7.827347758197635841e-01
7.900792358623682787e-01
7.918717921860269904e-01
7.987197724039829527e-01
8.016856717897867801e-01
8.099767080745340353e-01
8.168439042916825210e-01
8.249208418699944811e-01
8.294968610681465737e-01
8.385082084225553567e-01
8.505676317873801517e-01
8.549053356282272365e-01
8.613175675675676102e-01
8.473146195034885197e-01
8.395264973345876180e-01
8.281250000000000000e-01
8.284979801689312806e-01
8.222001137009665728e-01
8.174515996155429232e-01
8.081483935077840020e-01
8.042876456576322219e-01
7.997376475732400625e-01
7.928882965834747054e-01
7.910995384069120506e-01
7.923317140874392983e-01
7.925468652659002355e-01
7.887471702280383079e-01
7.905895078420768218e-01
7.896546252710636704e-01
7.887367605269955950e-01
7.915968094294568713e-01
7.915442458044916751e-01
7.852498786996603419e-01
7.889790076335877478e-01
7.895723052419542087e-01
7.914665681566308564e-01
7.934391919559580231e-01
7.921247877000088256e-01
7.937519223164462012e-01
7.914068212119909074e-01
7.938665420719532850e-01
7.981786133960048213e-01
7.993035114630404614e-01
8.031134780827529074e-01
8.093788063337393757e-01
8.081037924151697194e-01
8.095088285028904096e-01
8.160449070284178097e-01
8.179122867814100362e-01
8.190110600129222318e-01
8.210031936877699721e-01
8.214259245534721865e-01
8.252145844031985034e-01
8.286750045314483781e-01
8.283435275601818137e-01
8.312716476991588443e-01
8.350883330418051864e-01
8.394522447564569667e-01
8.425577094321529126e-01
8.482428115015974157e-01
8.535464467948501444e-01
8.599158957106811663e-01
8.630767690921830049e-01
8.673733024180192430e-01
8.712454814327966757e-01
8.769427085037463376e-01
8.798014534129250386e-01
8.856000515896047531e-01
8.883237364043504725e-01
8.922876564385997522e-01
8.969120990149028749e-01
9.007559361375113705e-01
9.066791510611735827e-01
9.099587763072249924e-01
9.132857230807116533e-01
9.084415387874935632e-01
9.057449287485435097e-01
9.084390186085101737e-01
9.059250798113815950e-01
9.029347983229724095e-01
9.024781090825845231e-01
8.997712445988307328e-01
8.960351932286447774e-01
8.957857359134576702e-01
8.967720793052597061e-01
8.950677243537856764e-01
8.948353793896600683e-01
8.958897562529870573e-01
8.956061324482377239e-01
8.976641877029433170e-01
9.011229514603580348e-01
9.009430306161994029e-01
8.981173581623780322e-01
8.997407746264104444e-01
8.995362435729407080e-01
9.000925763755097675e-01
9.002136858321324597e-01
9.031172686788719872e-01
9.042320096506559768e-01
9.069841581244787454e-01
9.058940913073105783e-01
9.075032654443424551e-01
9.099526066350711595e-01
9.126420284654944703e-01
9.160904191902331517e-01
9.187473248680267934e-01
9.219157306033461952e-01
9.250100380264058009e-01
9.273364540942343748e-01
9.284844511052828819e-01
9.327572112577368069e-01
9.352727442120464252e-01
9.428024913107374561e-01
9.460308594568176410e-01
9.515461520576609100e-01
9.536063371473572081e-01
9.550937564868419161e-01
9.581387860247946309e-01
9.612002663176987260e-01
9.632737999954265051e-01
9.656515500079722036e-01
9.690318769454480119e-01
9.725623582766439457e-01
9.738661004698229151e-01
9.763509705345266854e-01
9.790940766550524366e-01
9.798821605394627543e-01
9.818401125778998262e-01
9.848950675043441905e-01
9.880385966472498005e-01
9.898481657985148674e-01
9.933588648086247863e-01
9.946995295832505857e-01
9.961026092700649981e-01
9.975613507041325434e-01
1.000658125658125730e+00
1.002538682073840670e+00
1.003907785006330933e+00
1.006581241283124317e+00
1.007688966116420559e+00
1.010360897366424648e+00
1.008142690965490473e+00
1.009817400644468233e+00
1.010988069484010543e+00
1.014451176432807467e+00
1.014731313648882471e+00
1.014079714152027023e+00
1.014517669531996180e+00
1.018074080367003642e+00
1.018420885472908655e+00
1.020027463821696401e+00
1.021419545071609036e+00
1.023576465635196442e+00
1.025007355104442519e+00
1.027686817800167907e+00
1.031644373516998225e+00
1.033362009274219062e+00
1.034029988272742395e+00
1.035334211461665488e+00
1.039227166276346592e+00
1.039928200204545794e+00
1.045178705951284925e+00
1.045811573010235973e+00
1.050399431176544551e+00
1.051254225969364242e+00
1.055674114988702117e+00
1.057784005353856527e+00
1.059200902745851991e+00
1.059206408812116695e+00
1.058262733914781206e+00
1.060580187009308784e+00
1.064387072576107984e+00
1.064975337676122180e+00
1.069801876955161601e+00
1.078043966657568076e+00
1.079853018372703533e+00
1.085881039169001916e+00
1.084583815637167215e+00
1.085906096765368201e+00
1.086686720376953685e+00
1.090947430571663546e+00
1.095227017996489582e+00
1.096195686614139797e+00
1.097601148745671162e+00
1.096868740115972685e+00
1.101651546871365461e+00
1.102680176845133531e+00
1.105436991869918728e+00
1.110551803236905943e+00
1.110136928139263235e+00
1.115566540248007943e+00
1.115610503468527970e+00
1.120717259045789227e+00
1.121832941679128393e+00
1.123660857478883779e+00
1.124879635375430675e+00
1.123653846153846114e+00
1.126321194745175225e+00
1.126979371736711366e+00
1.132813339349792781e+00
1.133707430340557432e+00
1.132743172686448530e+00
1.133740038235989234e+00
1.138510307944449407e+00
1.140501761134040670e+00
1.138598687618718630e+00
1.138599330959317868e+00
1.138992557437169539e+00
1.141449074874632652e+00
1.142316508801522579e+00
1.143221897652277441e+00
1.144734278601580169e+00
1.146938244289711584e+00
1.150060858981046819e+00
1.153946766071545449e+00
1.154260539573836786e+00
1.152420566649970501e+00
1.154162764868573054e+00
1.152674081974706777e+00
1.157254979121576044e+00
1.162120646902635501e+00
1.165643361721793170e+00
1.166967946739561723e+00
1.165406739691005722e+00
1.168505782711572127e+00
1.169532842833082231e+00
1.171766743648960718e+00
1.172113676731794119e+00
1.171278700184481325e+00
1.172390002893196392e+00
1.176666517637591003e+00
1.178694697207405051e+00
1.182118758434547834e+00
1.181859114342961314e+00
1.182080664080122689e+00
1.182702946821722945e+00
1.183599665483805463e+00
1.184376768934676694e+00
1.189474642629518408e+00
1.190989181540146991e+00
1.196317046289492980e+00
1.197684055435333184e+00
1.195751731756150349e+00
1.196020106991330101e+00
1.197846132513692874e+00
1.197473158089596534e+00
1.202121226217611749e+00
1.203968512739298502e+00
1.205025899482010443e+00
1.207757853832108319e+00
1.207452047085306734e+00
1.204776637134955086e+00
1.206159411778524149e+00
1.203392618001550840e+00
1.202639441059540459e+00
1.206477541371158591e+00
1.205849615156897592e+00
1.206587252622087103e+00
1.204183881844517412e+00
1.204515145742045990e+00
1.208582643243502064e+00
1.208783038326857406e+00
1.209674315678068046e+00
1.210056889403143376e+00
1.213958893165807185e+00
1.213390844985097194e+00
1.215484530064214752e+00
1.220760771058368332e+00
1.221215692050866553e+00
1.222203089638886242e+00
1.223914868401560163e+00
1.229320229320229219e+00
1.226416499143771821e+00
1.223457586737479508e+00
1.221303332836636280e+00
1.220515115354017466e+00
1.220117635330475458e+00
1.217789421157684737e+00
1.218431911966987524e+00
1.222552078091979411e+00
1.227006911217437324e+00
1.230009670687636669e+00
1.226459282641346071e+00
1.228994552011663410e+00
1.230455210660094112e+00
1.229701596113809803e+00
1.230333024023095190e+00
1.230978120312419266e+00
1.231172063360381541e+00
1.232465034056049458e+00
1.234850461923900022e+00
1.235803051753971760e+00
1.238874828640725401e+00
1.238494276877527778e+00
1.239073391820615377e+00
1.246407009670353006e+00
1.246319684659319416e+00
1.251168445224908776e+00
1.254197229013854775e+00
1.255768916043860095e+00
1.255553123974176621e+00
1.257572013070818562e+00
1.259191885783583986e+00
1.261494650114739269e+00
1.263235334943505261e+00
1.264239315286180387e+00
1.261379790940766688e+00
1.265504582013844193e+00
1.264505982137841933e+00
1.267960013554727317e+00
1.269677894975615340e+00
1.266197662543969260e+00
1.262330438730915549e+00
1.267377386532525518e+00
1.267816157906816787e+00
1.266055309607313273e+00
1.263950041727819551e+00
1.266558685717591226e+00
1.266378334446024656e+00
1.264546724077737716e+00
1.262050475024771190e+00
1.264291777654187321e+00
1.264887244538407174e+00
1.268378992067470845e+00
1.269017796334132697e+00
1.280951668412389610e+00
1.283486100676183517e+00
1.284498626995383086e+00
1.285000907935354819e+00
1.284097803664603799e+00
1.285122582610019659e+00
1.293227997909686344e+00
1.289727102113651158e+00
1.295966766903307699e+00
1.295966637619818229e+00
1.297355588897224354e+00
1.301616758933064943e+00
1.303666909228968107e+00
1.302709218958187920e+00
1.309143825758787072e+00
1.311201053612155221e+00
1.309251810136765837e+00
1.313661980954848651e+00
1.317520268290300445e+00
1.317112229557487302e+00
1.322434210526315823e+00
1.326331458815745989e+00
1.337394564198687963e+00
1.337060917455840103e+00
1.334779100262255325e+00
1.333198707592891941e+00
1.328194425743907336e+00
1.331573246682913547e+00
1.332710597826086918e+00
1.335358569136771534e+00
1.334142588476662672e+00
1.343167701863354102e+00
1.344082297114751690e+00
1.346472884427715178e+00
1.348129204035874551e+00
1.349760630808223283e+00
1.349205227834687548e+00
1.354906500445236084e+00
1.352309612983770393e+00
1.352766444778469523e+00
1.356692260552972318e+00
1.360165343195909760e+00
1.360250254619525645e+00
1.357343550446998837e+00
1.351747051736098548e+00
1.355163173158107082e+00
1.358250849460777232e+00
1.364877431834244703e+00
1.364293970692419755e+00
1.366925355228133299e+00
1.380250664641093916e+00
1.383491070065638873e+00
1.387120310279943203e+00
1.390694439077172717e+00
1.389363022732562625e+00
1.391586013112706910e+00
1.387958299168326359e+00
1.391700723043068466e+00
1.388860420197879364e+00
1.390634285487896804e+00
1.390588983387648137e+00
1.391045848130561646e+00
1.394610008836050907e+00
1.392924699158852198e+00
1.395366701706153512e+00
1.394086674767112122e+00
1.392941272033141109e+00
1.395533052958229714e+00
1.389912191137431030e+00
1.393169410122736984e+00
1.393013100436681029e+00
1.395313148071339659e+00
1.392791819088792682e+00
1.388255842967645259e+00
1.391716817118020533e+00
1.394431846812799414e+00
1.392039717266913224e+00
1.394443034762750555e+00
1.396840940054495883e+00
1.393723617447661267e+00
1.397580541375316399e+00
1.398042344012763616e+00
1.401075781893896588e+00
1.400339750849377118e+00
1.402006747579196411e+00
1.400527936647602223e+00
1.407561906452472034e+00
1.403618742775851302e+00
1.404186004998214887e+00
1.405505985741828390e+00
1.408908162804354713e+00
1.412385195962535311e+00
1.417147303854252360e+00
1.424722735674676555e+00
1.436127464722922964e+00
1.444030202925908446e+00
1.441611881000804063e+00
1.438559924206537222e+00
1.443111196099053473e+00
1.450161546993297135e+00
1.454624866543725137e+00
1.456610764430577243e+00
1.451453942232630689e+00
1.452375116427275792e+00
1.449645948072384005e+00
1.451286356229321894e+00
1.452527254707631332e+00
1.457442034405385334e+00
1.456535866033491722e+00
1.457483164137099330e+00
1.465206120063030637e+00
1.468331116340939158e+00
1.480598870641869125e+00
1.485134571249739022e+00
1.486194792266988030e+00
1.485458848277675381e+00
1.490481997985046769e+00
1.488048975246206940e+00
1.495223784479982720e+00
1.494751574527641846e+00
1.501409672522229677e+00
1.500434877147206025e+00
1.507898200965335445e+00
1.515649192656491895e+00
1.530731269627635616e+00
1.527214514407684298e+00
1.526873239436620011e+00
1.535202456778890001e+00
1.537899126063859923e+00
1.537055081102768339e+00
1.536358414704193098e+00
1.544546984735039707e+00
1.541877361232199872e+00
1.542464953271027950e+00
1.545967220818892152e+00
1.554098944121485193e+00
1.559157115568290397e+00
1.558582290606477905e+00
1.556743124774829123e+00
1.555327868852458995e+00
1.555952308902741610e+00
1.558258331306251465e+00
1.559892328398384986e+00
1.565104808877928466e+00
1.575944631500187043e+00
1.581992963056044310e+00
1.581210592686002503e+00
1.579010627530364586e+00
1.577979323904357134e+00
1.574215275130258052e+00
1.578883339736201874e+00
1.581164648286524033e+00
1.583230898621983629e+00
1.583549896049896155e+00
1.582784050120733532e+00
1.582660098522167269e+00
1.585001651800462596e+00
1.582980132450331201e+00
1.585213282757702569e+00
1.580041303044434020e+00
1.578377656020312658e+00
1.582609866074432770e+00
1.589515800895157982e+00
1.588851834206765234e+00
1.591859110532447108e+00
1.592095297114921149e+00
1.593217993079584893e+00
1.602492299075889193e+00
1.607089999295228777e+00
1.608717257045503057e+00
1.609604681033252493e+00
1.610867848682793646e+00
1.621261496125715240e+00
1.621808394558812649e+00
1.628082795067527844e+00
1.626472320376913805e+00
1.624575645756457742e+00
1.626261876484560664e+00
1.625037213456385743e+00
1.628513755980861122e+00
1.639879154078549783e+00
1.639111986664646192e+00
1.637385164376281121e+00
1.642644021115446495e+00
1.636829622829163888e+00
1.630173666896182594e+00
1.624023886081763735e+00
1.624423608976329536e+00
1.616815247463879723e+00
1.610478535159255431e+00
1.605163776493256034e+00
1.599691714836223522e+00
1.593448940269749370e+00
1.588285163776493203e+00
1.583384757790805342e+00
1.583359133126934992e+00
1.579559553349875856e+00
1.580463808854532415e+00
1.583091294450113873e+00
1.583497362412408460e+00
1.578669399337852886e+00
1.585612082670906364e+00
1.587553922351813362e+00
1.596192627248527840e+00
1.594743226849979933e+00
1.593106244931062454e+00
1.595271096616388107e+00
1.590459854610797974e+00
1.582257801012906251e+00
1.580737704918032671e+00
1.596790287709961786e+00
1.593776072084097883e+00
1.607263513513513375e+00
1.604198408667682374e+00
1.603113833588565296e+00
1.624372511684265108e+00
1.619880509134989932e+00
1.612160055430451822e+00
1.635021656501369991e+00
1.645322393650227255e+00
1.646937679083094297e+00
1.648322992536642273e+00
1.657267204642306480e+00
1.663565891472868152e+00
1.661806510774873846e+00
1.668454637935818274e+00
1.667595689334820053e+00
1.674946105539413255e+00
1.679460580912862877e+00
1.671598190727478395e+00
1.673705141558564646e+00
1.667677437695442189e+00
1.663723535554922695e+00
1.659568400038026414e+00
1.662750716332378254e+00
1.667275875336667879e+00
1.664449585502217221e+00
1.677353342428376415e+00
1.693522906793049065e+00
1.695259817532725144e+00
1.690230341540905679e+00
1.707304785894206756e+00
1.715652350905760404e+00
1.716590096988259262e+00
1.711512922668301240e+00
1.714608820808059875e+00
1.712591523151490103e+00
1.713900694516430123e+00
1.722443003555741425e+00
1.727444994209916818e+00
1.731495227995758279e+00
1.724452942426173419e+00
1.718796512864129378e+00
1.715973182930722540e+00
1.724825737265415659e+00
1.722700839974154574e+00
1.716488730723606304e+00
1.711681587746737288e+00
1.712152364462720566e+00
1.710677506775067691e+00
1.718517708788806164e+00
1.712565674255691839e+00
1.718653421633554057e+00
1.717764250138350990e+00
1.723280953973030050e+00
1.724960788707147641e+00
1.724595323741007213e+00
1.729971671388101928e+00
1.723558783477076695e+00
1.725302304357746008e+00
1.720900983306654419e+00
1.737488415199258229e+00
1.743565746373420655e+00
1.746825023518344455e+00
1.741647058823529326e+00
1.749436469332067867e+00
1.765193370165745845e+00
1.768068648779308694e+00
1.775706627680311733e+00
1.772533235760458847e+00
1.769324703871046456e+00
1.771186440677966045e+00
1.764431343650208817e+00
1.760260506266896119e+00
1.757855822550831615e+00
1.751140145445581053e+00
1.756817055032225960e+00
1.755036060681422372e+00
1.757719714964370628e+00
1.773682877406281611e+00
1.777806057520997518e+00
1.783059969246540311e+00
1.780277706351247158e+00
1.783864283864283973e+00
1.798976512268731121e+00
1.798498617147372469e+00
1.798835362625727852e+00
1.816617370260822817e+00
1.806668459263242710e+00
1.800834904389980951e+00
1.821418789372774460e+00
1.851019268360793113e+00
1.856781447645818872e+00
1.852638986629134177e+00
1.844885883347421984e+00
1.851268963561604863e+00
1.869815668202765124e+00
1.872466705269252962e+00
1.871567630393723425e+00
1.885412075804319132e+00
1.879241956809166947e+00
1.873691967575534356e+00
1.881496881496881546e+00
1.887542993868700281e+00
1.882027511961722244e+00
1.879682349415642717e+00
1.878195488721804418e+00
1.888956218754733962e+00
1.899372992812356831e+00
1.922993154947106653e+00
1.922045525413158762e+00
1.923802042419481717e+00
1.917674783974862462e+00
1.914037854889589774e+00
1.922282263191354090e+00
1.947036977232359023e+00
1.940881925375545158e+00
1.927959941851073999e+00
1.946331856228458834e+00
1.963301228827632139e+00
1.957765214499501027e+00
1.948952444296641273e+00
1.944009331778036698e+00
1.967310298102980859e+00
1.969877467665078319e+00
1.968766001024065737e+00
1.978778467908902661e+00
1.971704623878536955e+00
1.979652173913043711e+00
1.981821359902115054e+00
1.998762813715093678e+00
2.008554624844056669e+00
2.017594254937163267e+00
2.021522879363356839e+00
2.014484881405033345e+00
2.011611030478955175e+00
2.038894009216589698e+00
2.035760368663594555e+00
2.040482822655524497e+00
2.047645739910314067e+00
2.052720450281425801e+00
2.077862595419847302e+00
2.073529411764706065e+00
2.094610314075222579e+00
2.105500097866510156e+00
2.103908858770378920e+00
2.101948435347372968e+00
2.111022840119165522e+00
2.118236472945891791e+00
2.146992864424057235e+00
2.148612538540596084e+00
2.154833367832746926e+00
2.153766341564639752e+00
2.155768429820907883e+00
2.167786644267114760e+00
2.177829588808817274e+00
2.199269131556320200e+00
2.247574955908289152e+00
2.238904835504526236e+00
2.241785079928952040e+00
2.238679455721614975e+00
2.232454179704962183e+00
2.239296980621901856e+00
2.235254237288135659e+00
2.221468926553672230e+00
2.211372904395106254e+00
2.210322874033651797e+00
2.199408822191905255e+00
2.189631650750341052e+00
2.200641319285387087e+00
2.201754385964912242e+00
2.212622263623661212e+00
2.207177814029364082e+00
2.196690748077371413e+00
2.207440546267953607e+00
2.208895197539626043e+00
2.224509334609861000e+00
2.219079578139980580e+00
2.233026188166828518e+00
2.250245579567779597e+00
2.252899087095978192e+00
2.241302738712064979e+00
2.244162940884252055e+00
2.239990052225814043e+00
2.258989187830023226e+00
2.265316455696201992e+00
2.256455696202531502e+00
2.254439370877727278e+00
2.247270880934247650e+00
2.246620760010201501e+00
2.285044293903074841e+00
2.282420749279538530e+00
2.274299187843856096e+00
2.282010582010582045e+00
2.278823217598727968e+00
2.293975903614457579e+00
2.354109211252068512e+00
2.344732487589630487e+00
2.330391616105901509e+00
2.323399558498896234e+00
2.316501103752759416e+00
2.334916201117318568e+00
2.341133352128559775e+00
2.353460552549131446e+00
2.358886017800746249e+00
2.360230547550432156e+00
2.349668492360911021e+00
2.348655680832610670e+00
2.371595900439238847e+00
2.365237815619495088e+00
2.359351988217967655e+00
2.386479210290158637e+00
2.374513909661980282e+00
2.361976047904191578e+00
2.355896510228639773e+00
2.350527903469080027e+00
2.346003016591251988e+00
2.337451039469720104e+00
2.336555891238671023e+00
2.394099378881987317e+00
2.380124223602484435e+00
2.369565217391304213e+00
2.364570361145703625e+00
2.372886662492172949e+00
2.403179650238473908e+00
2.390461049284578809e+00
2.449213630406291031e+00
2.443643512450851762e+00
2.437520498524106127e+00
2.482723918148272091e+00
2.475343844347534183e+00
2.465615565246561225e+00
2.450184501845018126e+00
2.440791680644079253e+00
2.472534970999658910e+00
2.463980880846705190e+00
2.481673582295989000e+00
2.523843164959378438e+00
2.518243003896563970e+00
2.512929507616011193e+00
2.525223613595706684e+00
2.514847942754919075e+00
2.507697815968492616e+00
2.518571943743238339e+00
2.512987012987012658e+00
2.530054644808743092e+00
2.520947176684881441e+00
2.515704894083272691e+00
2.503652300949598342e+00
2.484164543137969083e+00
2.475965040058266453e+00
2.467225054624908598e+00
2.465567765567765690e+00
2.461312797946461295e+00
2.470306160088528102e+00
2.496815286624203711e+00
2.495867768595041447e+00
2.483276963547538241e+00
2.485271903323262865e+00
2.515163147792705889e+00
2.522630560928432963e+00
2.516066589237321072e+00
2.501742160278745963e+00
2.510729613733905463e+00
2.520267611176702172e+00
2.506493506493506551e+00
2.515860428231562196e+00
2.525349301397205704e+00
2.548295454545454586e+00
2.540178571428571175e+00
2.531897602600568842e+00
2.538398692810457380e+00
2.526552287581699474e+00
2.517565359477124343e+00
2.508169934640522847e+00
2.523534269199009028e+00
2.529534109816971466e+00
2.577825159914712394e+00
2.575887131252672102e+00
2.574860574860574847e+00
2.582721382289417278e+00
2.573218142548596266e+00
2.565874730021598715e+00
2.556371490280777703e+00
2.549028077753780153e+00
2.571366024518388471e+00
2.606236080178173875e+00
2.600000000000000089e+00
2.619349005424954857e+00
2.681206496519721760e+00
2.667285382830626439e+00
2.661716937354988488e+00
2.666356444858073438e+00
2.694195375176970497e+00
2.744096385542168726e+00
2.734939759036144835e+00
2.750972762645913949e+00
2.736381322957198492e+00
2.756889763779527769e+00
2.744094488188976388e+00
2.839468302658486820e+00
2.830777096114519775e+00
2.828220858895705625e+00
2.879310344827586299e+00
2.899999999999999911e+00
2.936559139784945760e+00
2.951166576234400374e+00
2.988986784140969188e+00
3.004469273743016977e+00
3.045532157085941716e+00
3.031872509960159334e+00
3.022196926579396425e+00
3.015367103016505013e+00
3.046162723600692512e+00
3.061807580174927157e+00
3.036151603498542073e+00
3.034402332361516130e+00
3.039319248826291009e+00
3.022300469483568008e+00
3.000586854460093988e+00
3.021364985163204508e+00
3.066828675577156993e+00
3.058966565349543920e+00
3.052375152253349544e+00
3.034713763702800993e+00
3.041743400859422852e+00
3.030693677102517025e+00
3.074282147315855251e+00
3.056179775280899236e+00
3.043695380774032788e+00
3.026217228464419762e+00
3.012484394506866892e+00
2.995006242197253865e+00
2.997493734335839655e+00
2.983082706766917003e+00
2.984867591424968936e+00
3.054980595084087813e+00
3.041397153945665899e+00
3.147078576225654789e+00
3.190704032809295931e+00
3.229542302357836459e+00
3.221220527045769888e+00
3.305000000000000160e+00
3.287142857142857366e+00
3.270714285714285463e+00
3.257857142857143007e+00
3.252857142857142669e+00
3.242142857142856993e+00
3.263919016630513426e+00
3.245119305856833058e+00
3.241830065359477153e+00
3.230210602759622240e+00
3.191721132897603397e+00
3.178649237472766842e+00
3.163398692810457380e+00
3.155410312273057460e+00
3.148255813953487969e+00
3.133720930232557933e+00
3.126453488372093137e+00
3.111918604651162656e+00
3.101744186046511587e+00
3.094476744186046346e+00
3.084302325581395721e+00
3.074127906976744207e+00
3.070802919708029322e+00
3.066423357664233684e+00
3.055474452554744591e+00
3.049635036496350704e+00
3.027737226277372518e+00
3.048636698599852757e+00
3.040530582166544260e+00
3.025792188651437176e+00
3.023581429624170980e+00
3.011790714812085934e+00
3.002947678703021150e+00
2.988946204863669909e+00
2.977155490051584863e+00
2.966101694915254328e+00
2.953574060427413883e+00
2.979088872292756207e+00
2.968609865470851705e+00
2.978129713423831593e+00
2.969079939668175516e+00
3.031635802469135665e+00
3.024691358024691024e+00
3.001543209876543106e+00
3.106194690265486891e+00
3.147540983606557763e+00
3.137704918032786949e+00
3.131362889983579922e+00
3.126029654036243777e+00
3.102141680395386736e+00
3.148365465213746717e+00
3.134115674769488713e+00
3.308237378210805879e+00
3.296722763507528686e+00
3.279893711248893062e+00
3.260407440212577335e+00
3.338489535941765229e+00
3.316651501364876964e+00
3.502410800385728162e+00
3.491803278688524692e+00
3.472516875602700281e+00
3.453230472516875871e+00
3.434908389585342725e+00
3.601823708206686625e+00
3.628454452405322161e+00
3.902654867256637239e+00
3.889380530973451489e+00
3.884955752212389424e+00
3.866150442477875870e+00
3.892737430167597878e+00
4.068235294117647172e+00
4.038823529411764923e+00
4.095693779904306275e+00
4.087320574162679243e+00
4.068181818181817455e+00
4.197026022304832793e+00
4.189591078066914775e+00
4.178438661710036861e+00
4.235220125786163692e+00
4.350194552529183412e+00
4.480536912751677647e+00
4.451006711409395855e+00
4.432214765100670917e+00
4.420134228187919234e+00
4.526243093922651894e+00
4.505524861878453358e+00
4.490331491712707290e+00
4.482044198895027698e+00
4.469613259668507865e+00
4.502092050209204999e+00
4.478382147838214422e+00
4.447698744769875034e+00
4.644736842105262831e+00
4.630116959064327631e+00
4.622807017543859587e+00
4.690476190476190688e+00
4.662202380952381375e+00
4.666666666666666963e+00
4.654708520179371867e+00
4.641255605381165772e+00
4.964686998394863160e+00
4.948635634028892838e+00
4.935794542536116047e+00
5.000000000000000000e+00
4.993495934959349292e+00
4.990243902439024382e+00
4.962601626016260425e+00
4.939837398373983390e+00
4.917073170731708132e+00
4.908943089430894524e+00
4.860162601626016432e+00
4.829268292682926678e+00
4.918604651162790553e+00
4.922948073701842731e+00
5.000000000000000888e+00
4.979557069846678452e+00
5.089005235602094501e+00
5.059336823734729371e+00
5.034904013961605251e+00
5.271062271062270099e+00
5.245421245421244549e+00
5.230769230769230838e+00
5.262962962962962621e+00
5.316384180790960201e+00
5.286252354048964541e+00
5.235404896421845145e+00
5.483168316831683597e+00
5.465346534653464872e+00
5.508032128514057213e+00
5.485943775100402320e+00
5.467871485943775589e+00
5.435742971887551178e+00
5.419678714859438529e+00
5.409638554216868123e+00
5.393574297188755473e+00
5.357429718875502012e+00
5.315261044176707195e+00
5.393442622950819221e+00
5.493723849372384116e+00
5.472803347280334130e+00
5.443514644351464149e+00
5.418410041841003277e+00
5.405857740585773286e+00
5.387029288702928298e+00
5.361924686192469203e+00
5.374736842105263257e+00
5.360000000000000320e+00
5.349473684210526159e+00
5.485961123110151938e+00
5.449244060475161966e+00
5.613839285714285587e+00
5.598214285714285587e+00
5.591517857142856762e+00
5.553571428571428825e+00
5.872340425531914931e+00
5.855791962174941467e+00
5.949519230769231726e+00
5.925480769230770051e+00
5.915865384615385025e+00
5.903846153846154188e+00
5.894230769230770051e+00
5.877403846153846700e+00
5.867788461538461675e+00
5.810096153846154188e+00
5.788461538461539213e+00
5.913793103448275801e+00
5.874384236453201957e+00
5.857142857142856762e+00
5.834975369458128114e+00
5.788177339901477758e+00
5.761083743842364768e+00
5.807500000000000107e+00
5.742499999999999716e+00
5.717499999999999361e+00
5.659999999999999254e+00
5.647499999999999964e+00
5.637500000000000178e+00
5.612499999999999822e+00
5.587499999999999467e+00
5.567499999999999005e+00
5.549999999999999822e+00
5.529999999999999361e+00
5.490000000000000213e+00
5.477499999999999147e+00
5.492462311557788190e+00
5.442211055276381160e+00
5.429648241206030512e+00
5.414572864321606893e+00
5.384422110552763208e+00
5.364321608040200751e+00
5.341708542713567098e+00
5.331658291457286758e+00
5.329145728643215563e+00
5.304020100502512491e+00
5.298994974874371877e+00
5.256281407035175768e+00
5.218592964824120273e+00
5.193467336683416313e+00
5.153266331658290511e+00
5.150753768844221092e+00
5.130653266331657747e+00
5.113065326633165597e+00
5.075376884422110102e+00
5.062814070351758566e+00
5.089743589743589425e+00
5.071794871794872428e+00
5.051282051282051100e+00
5.025641025641025550e+00
4.971794871794871895e+00
4.961538461538461675e+00
4.935897435897436125e+00
4.928205128205128460e+00
5.065963060686016206e+00
5.047493403693931846e+00
5.031662269129287601e+00
5.021108179419525364e+00
4.981530343007915640e+00
4.965699208443271395e+00
4.965699208443271395e+00
4.939313984168865801e+00
4.897097625329815074e+00
5.477744807121661452e+00
5.442136498516320309e+00
5.394658753709198784e+00
5.379821958456973086e+00
5.332344213649851561e+00
5.317507418397625862e+00
5.305637982195845481e+00
5.305637982195845481e+00
5.305637982195845481e+00
5.453987730061349737e+00
5.438650306748466612e+00
5.423312883435582599e+00
5.411042944785275921e+00
5.395705521472391908e+00
5.386503067484662566e+00
5.340490797546012303e+00
5.309815950920245164e+00
5.291411042944784704e+00
5.282208588957055362e+00
5.463492063492063622e+00
5.425396825396825662e+00
5.422222222222222499e+00
5.380952380952380487e+00
5.314285714285714057e+00
5.311111111111110894e+00
5.292063492063491914e+00
5.266666666666666607e+00
5.263492063492063444e+00
5.257142857142856229e+00
5.231746031746030923e+00
5.187301587301587524e+00
5.130158730158729696e+00
5.130158730158729696e+00
5.117460317460317043e+00
5.111111111111111605e+00
5.079365079365079083e+00
5.057142857142856940e+00
5.028571428571428470e+00
5.012698412698412653e+00
4.996825396825396837e+00
4.980952380952381020e+00
4.980952380952381020e+00
5.061488673139159289e+00
5.048543689320388772e+00
5.032362459546925848e+00
4.987055016181230371e+00
4.967637540453074152e+00
4.941747572815534006e+00
4.928802588996764378e+00
5.174061433447098679e+00
5.156996587030715951e+00
5.136518771331057387e+00
5.454545454545454142e+00
5.496323529411764497e+00
5.463235294117646745e+00
5.459558823529412130e+00
5.441176470588235503e+00
5.441176470588235503e+00
5.375000000000000000e+00
5.360294117647058876e+00
5.543726235741445407e+00
5.542307692307693046e+00
5.511538461538462386e+00
5.610236220472441637e+00
5.598425196850394414e+00
5.590551181102362044e+00
5.566929133858267598e+00
5.559055118110237004e+00
5.551181102362204633e+00
5.519685039370078705e+00
5.503937007874015741e+00
5.503937007874015741e+00
5.397637795275590733e+00
5.412698412698413009e+00
5.392857142857142350e+00
5.365079365079364671e+00
5.353174603174602808e+00
5.353174603174602808e+00
6.095890410958904049e+00
6.073059360730593603e+00
6.022831050228310446e+00
5.972602739726026400e+00
5.922374429223744130e+00
5.908675799086757330e+00
5.899543378995433685e+00
5.899543378995433685e+00
5.899543378995433685e+00
5.872146118721460972e+00
5.853881278538811905e+00
5.853881278538811905e+00
5.835616438356164615e+00
5.780821917808219190e+00
5.776255707762556924e+00
5.762557077625571011e+00
5.744292237442921945e+00
5.744292237442921945e+00
5.744292237442921945e+00
5.707762557077625587e+00
5.698630136986301054e+00
5.666666666666666075e+00
5.662100456621004696e+00
5.657534246575342429e+00
5.639269406392693362e+00
5.607305936073058383e+00
5.607305936073058383e+00
5.598173515981735626e+00
5.593607305936072471e+00
5.584474885844747938e+00
5.515981735159817489e+00
5.497716894977168423e+00
5.493150684931507044e+00
5.479452054794520244e+00
5.456621004566209798e+00
5.442922374429222998e+00
5.420091324200912553e+00
5.420091324200912553e+00
5.410958904109588907e+00
5.365296803652968016e+00
5.644230769230769162e+00
5.644230769230769162e+00
5.625000000000000888e+00
5.600961538461539213e+00
5.596153846153846700e+00
5.543269230769230838e+00
5.461538461538462563e+00
5.437500000000000888e+00
5.413461538461539213e+00
5.365384615384615863e+00
5.331730769230769162e+00
5.331730769230769162e+00
5.312500000000000888e+00
5.298076923076923350e+00
5.298076923076923350e+00
5.269230769230769162e+00
5.250000000000000888e+00
5.221153846153845812e+00
5.201923076923077538e+00
5.163461538461539213e+00
5.158653846153845812e+00
5.158653846153845812e+00
5.144230769230769162e+00
5.100961538461539213e+00
5.100961538461539213e+00
5.076923076923077538e+00
5.048076923076923350e+00
4.980769230769230838e+00
4.971153846153846700e+00
4.951923076923077538e+00
4.932692307692308376e+00
4.932692307692308376e+00
4.923076923076923350e+00
4.923076923076923350e+00
4.894230769230770051e+00
4.894230769230770051e+00
4.865384615384615863e+00
4.836538461538461675e+00
4.783653846153846700e+00
4.783653846153846700e+00
4.759615384615385025e+00
4.740384615384614975e+00
4.740384615384614975e+00
4.711538461538461675e+00
4.716346153846154188e+00
4.716346153846154188e+00
4.711538461538461675e+00
4.687500000000000000e+00
4.673076923076923350e+00
4.673076923076923350e+00
4.649038461538461675e+00
4.615384615384615863e+00
4.586538461538461675e+00
4.567307692307692513e+00
4.567307692307692513e+00
4.557692307692307487e+00
4.543269230769230838e+00
4.543269230769230838e+00
4.490384615384615863e+00
4.475961538461538325e+00
4.456730769230769162e+00
4.447115384615385025e+00
4.389423076923076650e+00
4.360576923076923350e+00
4.355769230769230838e+00
4.331730769230769162e+00
4.307692307692307487e+00
4.298076923076923350e+00
4.298076923076923350e+00
4.288461538461538325e+00
4.274038461538461675e+00
4.274038461538461675e+00
4.245192307692308376e+00
4.245192307692308376e+00
4.245192307692308376e+00
4.240384615384615863e+00
4.216346153846154188e+00
4.441624365482233827e+00
4.416243654822335607e+00
4.401015228426396142e+00
4.365482233502538278e+00
4.365482233502538278e+00
4.360406091370558457e+00
4.345177664974619880e+00
4.345177664974619880e+00
4.335025380710660237e+00
4.335025380710660237e+00
4.319796954314720772e+00
4.309644670050762016e+00
4.253807106598984866e+00
4.223350253807106824e+00
4.208121827411167359e+00
4.208121827411167359e+00
4.208121827411167359e+00
4.182741116751269139e+00
4.177664974619289318e+00
4.147208121827411276e+00
5.049689440993788914e+00
5.037267080745341019e+00
4.987577639751552105e+00
4.987577639751552105e+00
4.950310559006211086e+00
4.931677018633539689e+00
4.913043478260869179e+00
4.906832298136645676e+00
4.906832298136645676e+00
4.894409937888197781e+00
4.894409937888197781e+00
4.844720496894409756e+00
4.770186335403726829e+00
4.770186335403726829e+00
4.714285714285714413e+00
4.714285714285714413e+00
4.683229813664596008e+00
4.670807453416148114e+00
4.639751552795031486e+00
4.639751552795031486e+00
6.305084745762711940e+00
6.305084745762711940e+00
6.305084745762711940e+00
6.271186440677966267e+00
6.271186440677966267e+00
6.254237288135594319e+00
6.220338983050846871e+00
6.211864406779661785e+00
6.177966101694916112e+00
6.177966101694916112e+00
6.135593220338983578e+00
6.152542372881356414e+00
6.110169491525423879e+00
6.093220338983051043e+00
6.093220338983051043e+00
6.084745762711865069e+00
6.076271186440678207e+00
6.050847457627119397e+00
8.400000000000000355e+00
8.364705882352941657e+00
8.341176470588234082e+00
8.317647058823528283e+00
8.305882352941175384e+00
8.294117647058822484e+00
8.258823529411763786e+00
8.223529411764705088e+00
8.188235294117646390e+00
8.188235294117646390e+00
8.152941176470587692e+00
8.152941176470587692e+00
8.152941176470587692e+00
8.141176470588234793e+00
8.141176470588234793e+00
8.141176470588234793e+00
8.058823529411762721e+00
8.047058823529411598e+00
8.000000000000000000e+00
7.952941176470587514e+00
7.870588235294117219e+00
7.835294117647058521e+00
7.811764705882351834e+00
7.811764705882351834e+00
7.752941176470587337e+00
7.682352941176470829e+00
7.599999999999999645e+00
7.588235294117645857e+00
1.000000000000000000e+01
1.000000000000000000e+01
1.000000000000000000e+01
1.000000000000000000e+01
1.000000000000000000e+01
1.000000000000000000e+01
1.000000000000000000e+01
1.000000000000000000e+01
1.000000000000000000e+01
1.000000000000000000e+01
1.000000000000000000e+01
1.000000000000000000e+01
1.000000000000000000e+01
1.000000000000000000e+01
1.000000000000000000e+01
1.000000000000000000e+01
1.000000000000000000e+01
1.000000000000000000e+01
1.000000000000000000e+01
1.000000000000000000e+01
1.000000000000000000e+01
1.000000000000000000e+01
1.000000000000000000e+01
1.000000000000000000e+01
1.000000000000000000e+01
1.000000000000000000e+01
1.000000000000000000e+01
1.000000000000000000e+01
1.000000000000000000e+01
1.000000000000000000e+01
1.000000000000000000e+01
1.000000000000000000e+01
1.000000000000000000e+01
1.000000000000000000e+01
1.000000000000000000e+01
1.000000000000000000e+01
1.000000000000000000e+01
1.000000000000000000e+01
1.000000000000000000e+01
1.000000000000000000e+01
1.000000000000000000e+01
1.000000000000000000e+01
1.000000000000000000e+01
1.000000000000000000e+01
1.000000000000000000e+01
1.000000000000000000e+01
1.000000000000000000e+01
1.000000000000000000e+01
1.000000000000000000e+01
1.000000000000000000e+01
1.000000000000000000e+01
1.000000000000000000e+01
1.000000000000000000e+01
1.000000000000000000e+01
1.000000000000000000e+01
1.000000000000000000e+01
1.000000000000000000e+01
1.000000000000000000e+01
1.000000000000000000e+01
1.000000000000000000e+01
1.000000000000000000e+01
1.000000000000000000e+01
1.000000000000000000e+01
1.000000000000000000e+01
1.000000000000000000e+01
1.000000000000000000e+01
1.000000000000000000e+01
1.000000000000000000e+01
1.000000000000000000e+01
1.000000000000000000e+01
1.000000000000000000e+01
1.000000000000000000e+01
1.000000000000000000e+01
1.000000000000000000e+01
1.000000000000000000e+01
1.000000000000000000e+01
1.000000000000000000e+01
1.000000000000000000e+01
1.000000000000000000e+01
1.000000000000000000e+01
1.000000000000000000e+01
1.000000000000000000e+01
1.000000000000000000e+01
1.000000000000000000e+01
1.000000000000000000e+01
1.000000000000000000e+01
1.000000000000000000e+01
1.000000000000000000e+01
1.000000000000000000e+01
1.000000000000000000e+01
1.000000000000000000e+01
1.000000000000000000e+01
1.000000000000000000e+01
1.000000000000000000e+01
1.000000000000000000e+01
1.000000000000000000e+01
1.000000000000000000e+01
1.000000000000000000e+01
1.000000000000000000e+01
1.000000000000000000e+01
1.000000000000000000e+01
1.000000000000000000e+01
1.000000000000000000e+01
1.000000000000000000e+01
1.000000000000000000e+01
1.000000000000000000e+01
1.000000000000000000e+01
1.000000000000000000e+01
1.000000000000000000e+01
1.000000000000000000e+01
1.000000000000000000e+01
1.000000000000000000e+01
1.000000000000000000e+01
1.000000000000000000e+01
1.000000000000000000e+01
1.000000000000000000e+01
1.000000000000000000e+01
1.000000000000000000e+01
1.000000000000000000e+01
1.000000000000000000e+01
1.000000000000000000e+01
1.000000000000000000e+01
1.000000000000000000e+01
1.000000000000000000e+01
1.000000000000000000e+01
1.000000000000000000e+01
1.000000000000000000e+01
1.000000000000000000e+01
1.000000000000000000e+01
1.000000000000000000e+01
1.000000000000000000e+01
1.000000000000000000e+01
1.000000000000000000e+01
1.000000000000000000e+01
1.000000000000000000e+01
1.000000000000000000e+01
1.000000000000000000e+01
1.000000000000000000e+01
1.000000000000000000e+01
1.000000000000000000e+01
1.000000000000000000e+01
1.000000000000000000e+01
1.000000000000000000e+01
1.000000000000000000e+01
1.000000000000000000e+01
1.000000000000000000e+01
1.000000000000000000e+01
1.000000000000000000e+01
1.000000000000000000e+01
1.000000000000000000e+01
1.000000000000000000e+01
1.000000000000000000e+01
1.000000000000000000e+01
1.000000000000000000e+01
1.000000000000000000e+01
1.000000000000000000e+01
1.000000000000000000e+01
1.000000000000000000e+01
1.000000000000000000e+01
1.000000000000000000e+01
1.000000000000000000e+01
1.000000000000000000e+01
1.000000000000000000e+01
1.000000000000000000e+01
1.000000000000000000e+01
1.000000000000000000e+01
1.000000000000000000e+01
1.000000000000000000e+01
1.000000000000000000e+01
1.000000000000000000e+01
1.000000000000000000e+01
1.000000000000000000e+01
1.000000000000000000e+01
1.000000000000000000e+01
1.000000000000000000e+01
1.000000000000000000e+01
1.000000000000000000e+01
1.000000000000000000e+01
1.000000000000000000e+01
1.000000000000000000e+01
1.000000000000000000e+01
1.000000000000000000e+01
1.000000000000000000e+01
1.000000000000000000e+01
1.000000000000000000e+01
1.000000000000000000e+01
1.000000000000000000e+01
1.000000000000000000e+01
1.000000000000000000e+01
1.000000000000000000e+01
1.000000000000000000e+01
1.000000000000000000e+01
1.000000000000000000e+01
1.000000000000000000e+01
1.000000000000000000e+01
1.000000000000000000e+01
1.000000000000000000e+01
1.000000000000000000e+01
1.000000000000000000e+01
1.000000000000000000e+01
1.000000000000000000e+01
1.000000000000000000e+01
1.000000000000000000e+01
1.000000000000000000e+01
1.000000000000000000e+01
1.000000000000000000e+01
1.000000000000000000e+01
1.000000000000000000e+01
1.000000000000000000e+01
1.000000000000000000e+01
1.000000000000000000e+01
1.000000000000000000e+01
1.000000000000000000e+01
1.000000000000000000e+01
1.000000000000000000e+01
1.000000000000000000e+01
1.000000000000000000e+01
1.000000000000000000e+01
1.000000000000000000e+01
1.000000000000000000e+01
1.000000000000000000e+01
1.000000000000000000e+01
1.000000000000000000e+01
1.000000000000000000e+01
1.000000000000000000e+01
1.000000000000000000e+01
1.000000000000000000e+01
1.000000000000000000e+01
1.000000000000000000e+01
1.000000000000000000e+01
1.000000000000000000e+01
1.000000000000000000e+01
1.000000000000000000e+01
1.000000000000000000e+01
1.000000000000000000e+01
1.000000000000000000e+01
1.000000000000000000e+01
1.000000000000000000e+01
1.000000000000000000e+01
1.000000000000000000e+01
1.000000000000000000e+01
1.000000000000000000e+01
1.000000000000000000e+01
1.000000000000000000e+01
1.000000000000000000e+01
1.000000000000000000e+01
1.000000000000000000e+01
1.000000000000000000e+01
1.000000000000000000e+01
1.000000000000000000e+01
1.000000000000000000e+01
1.000000000000000000e+01
1.000000000000000000e+01
1.000000000000000000e+01
1.000000000000000000e+01
1.000000000000000000e+01
1.000000000000000000e+01
1.000000000000000000e+01
1.000000000000000000e+01
1.000000000000000000e+01
1.000000000000000000e+01
1.000000000000000000e+01
1.000000000000000000e+01
1.000000000000000000e+01
1.000000000000000000e+01
1.000000000000000000e+01
1.000000000000000000e+01
1.000000000000000000e+01
1.000000000000000000e+01
1.000000000000000000e+01
1.000000000000000000e+01
1.000000000000000000e+01
1.000000000000000000e+01
1.000000000000000000e+01
1.000000000000000000e+01
1.000000000000000000e+01
1.000000000000000000e+01
1.000000000000000000e+01
1.000000000000000000e+01
1.000000000000000000e+01
1.000000000000000000e+01
1.000000000000000000e+01
1.000000000000000000e+01
1.000000000000000000e+01
1.000000000000000000e+01
1.000000000000000000e+01
1.000000000000000000e+01
1.000000000000000000e+01
1.000000000000000000e+01
1.000000000000000000e+01
1.000000000000000000e+01
1.000000000000000000e+01
1.000000000000000000e+01
1.000000000000000000e+01
1.000000000000000000e+01
1.000000000000000000e+01
1.000000000000000000e+01
1.000000000000000000e+01
1.000000000000000000e+01
1.000000000000000000e+01
1.000000000000000000e+01
1.000000000000000000e+01
1.000000000000000000e+01
1.000000000000000000e+01
1.000000000000000000e+01
1.000000000000000000e+01
1.000000000000000000e+01
1.000000000000000000e+01
1.000000000000000000e+01
1.000000000000000000e+01
1.000000000000000000e+01
1.000000000000000000e+01
1.000000000000000000e+01
1.000000000000000000e+01
1.000000000000000000e+01
1.000000000000000000e+01
1.000000000000000000e+01
1.000000000000000000e+01
1.000000000000000000e+01
1.000000000000000000e+01
1.000000000000000000e+01
1.000000000000000000e+01
1.000000000000000000e+01
1.000000000000000000e+01
1.000000000000000000e+01
1.000000000000000000e+01
1.000000000000000000e+01
1.000000000000000000e+01
1.000000000000000000e+01
1.000000000000000000e+01
1.000000000000000000e+01
1.000000000000000000e+01
1.000000000000000000e+01
1.000000000000000000e+01
1.000000000000000000e+01
1.000000000000000000e+01
1.000000000000000000e+01
1.000000000000000000e+01
1.000000000000000000e+01
1.000000000000000000e+01
1.000000000000000000e+01
1.000000000000000000e+01
1.000000000000000000e+01
1.000000000000000000e+01
1.000000000000000000e+01
1.000000000000000000e+01
1.000000000000000000e+01
1.000000000000000000e+01
1.000000000000000000e+01
1.000000000000000000e+01
1.000000000000000000e+01
1.000000000000000000e+01
1.000000000000000000e+01
1.000000000000000000e+01
1.000000000000000000e+01
1.000000000000000000e+01
1.000000000000000000e+01
1.000000000000000000e+01
1.000000000000000000e+01
1.000000000000000000e+01
1.000000000000000000e+01
1.000000000000000000e+01
1.000000000000000000e+01
1.000000000000000000e+01
1.000000000000000000e+01
1.000000000000000000e+01
1.000000000000000000e+01
1.000000000000000000e+01
1.000000000000000000e+01
1.000000000000000000e+01
1.000000000000000000e+01
1.000000000000000000e+01
1.000000000000000000e+01
1.000000000000000000e+01
1.000000000000000000e+01
1.000000000000000000e+01
1.000000000000000000e+01
1.000000000000000000e+01
1.000000000000000000e+01
1.000000000000000000e+01
1.000000000000000000e+01
1.000000000000000000e+01
1.000000000000000000e+01
1.000000000000000000e+01
1.000000000000000000e+01
1.000000000000000000e+01
1.000000000000000000e+01
1.000000000000000000e+01
1.000000000000000000e+01
1.000000000000000000e+01
1.000000000000000000e+01
1.000000000000000000e+01
