1.000000000000000000e+00
1.000000000000000000e+00
1.000000000000000000e+00
1.000000000000000000e+00
1.000000000000000000e+00
1.000000000000000000e+00
1.000000000000000000e+00
1.000000000000000056e-01
1.000000000000000056e-01
1.000000000000000056e-01
1.000000000000000056e-01
1.000000000000000056e-01
1.000000000000000056e-01
1.000000000000000056e-01
1.000000000000000056e-01
1.000000000000000056e-01
1.111111111111111049e-01
1.428571428571428770e-01
2.000000000000000111e-01
1.562500000000000278e-01
1.162790697674418589e-01
1.000000000000000056e-01
1.272727272727272596e-01
2.166666666666666463e-01
2.380952380952381098e-01
2.602739726027397671e-01
3.157894736842105088e-01
3.414634146341463117e-01
3.555555555555555136e-01
3.636363636363636465e-01
3.809523809523809867e-01
3.768115942028985588e-01
4.026845637583892912e-01
4.124999999999999778e-01
3.954802259887005289e-01
4.232804232804233124e-01
4.095238095238095122e-01
4.008810572687224738e-01
4.199999999999999845e-01
4.089219330855018986e-01
3.758169934640522847e-01
3.875000000000000111e-01
4.144144144144144004e-01
3.877005347593582840e-01
3.799019607843137081e-01
3.792325056433408781e-01
4.113785557986870955e-01
4.394904458598725694e-01
4.501018329938900053e-01
4.595660749506903509e-01
4.527272727272726449e-01
4.658493870402802273e-01
4.702970297029702706e-01
4.572271386430678541e-01
4.719101123595505487e-01
4.615384615384615086e-01
4.671717171717171824e-01
4.790123456790123524e-01
4.792147806004619093e-01
5.000000000000000000e-01
5.189732142857143016e-01
5.301075268817203590e-01
5.574468085106383253e-01
5.519999999999999352e-01
5.102222222222222436e-01
4.813311688311688319e-01
4.842767295597484867e-01
4.877140729709605327e-01
4.794326241134751476e-01
4.822646657571622586e-01
4.719387755102040782e-01
4.574780058651026771e-01
4.463991203958218579e-01
4.576451784762919361e-01
4.604651162790697194e-01
4.731829573934837607e-01
4.643536121673003669e-01
4.709382151029748442e-01
4.618369987063389304e-01
4.499795835034707814e-01
4.525981753272511621e-01
4.517746913580246715e-01
4.460007371913010665e-01
4.592727272727273324e-01
4.533195020746888515e-01
4.496510468594217547e-01
4.477802618971574722e-01
4.393571861734384409e-01
4.325891562771818077e-01
4.290809327846365484e-01
4.350040203698740671e-01
4.395746887966804906e-01
4.355079681274900416e-01
4.386391251518833578e-01
4.471756086031670741e-01
4.420649233543733625e-01
4.419865538928648974e-01
4.437657961246840865e-01
4.443757725587144658e-01
4.499394428744449281e-01
4.502369668246445356e-01
4.482033639143730985e-01
4.489528795811517647e-01
4.524728810443096050e-01
4.483859524654132400e-01
4.460222412318220475e-01
4.502855223379240157e-01
4.542890326862452088e-01
4.568684895833333148e-01
4.623638693145418754e-01
4.565083281924737779e-01
4.556867433866387818e-01
4.639419517251591740e-01
4.627513380587299219e-01
4.705124534783853285e-01
4.823228737753798012e-01
4.842075970502295879e-01
4.891214541448636877e-01
4.959792830857298607e-01
4.995973154362416402e-01
5.090425531914893886e-01
5.153583617747440337e-01
5.158821278224262619e-01
5.176060719173820601e-01
5.215575482127502438e-01
5.218118800047807371e-01
5.133702166897187169e-01
5.084385827651727308e-01
5.037430834327872864e-01
5.007369972625815846e-01
4.956158238172919672e-01
4.950741367300228735e-01
4.958122321776393115e-01
4.926435690555292513e-01
4.892324682495858834e-01
4.917157084653689947e-01
4.918264557744985166e-01
4.839259827747932619e-01
4.807163681799250243e-01
4.752299499757947632e-01
4.743448058099146714e-01
4.693376314375622971e-01
4.653621232568601052e-01
4.588115647246840401e-01
4.587142857142856855e-01
4.594765279629499655e-01
4.662020905923344727e-01
4.692487616951017682e-01
4.680053547523426727e-01
4.673756071944334956e-01
4.685567010309277802e-01
4.692503176620076433e-01
4.719283970707892073e-01
4.776919242273180433e-01
4.789596368543736493e-01
4.838436914900043351e-01
4.835705812574140339e-01
4.846203233525944176e-01
4.903050298084157821e-01
4.905864901871292427e-01
4.885275116952551011e-01
4.861875442706914408e-01
4.815423782751671045e-01
4.819094426435218681e-01
4.873191224521549736e-01
4.858860694996432472e-01
4.857544141252006509e-01
4.884977689638076437e-01
4.911842491918895215e-01
4.932157394843961207e-01
4.964522005944960736e-01
4.992641822929029249e-01
5.047254512805973148e-01
5.092389016232399257e-01
5.139685476410731368e-01
5.172161172161172660e-01
5.177061191262267714e-01
5.226394753391429004e-01
5.251147657886527931e-01
5.280141062376019212e-01
5.329186560953174112e-01
5.331956456262638699e-01
5.403377914951988936e-01
5.439679768343056443e-01
5.489334741288278696e-01
5.520358203958656285e-01
5.513687335092348762e-01
5.505448926480156491e-01
5.549552455447140931e-01
5.554805401111992946e-01
5.566351917877991884e-01
5.584335013571151141e-01
5.619128292006776437e-01
5.606767573309054953e-01
5.578063794068270909e-01
5.596269399491282659e-01
5.628845590389687237e-01
5.701223954538832128e-01
5.706729039222743216e-01
5.715047456542604598e-01
5.703179717047204278e-01
5.684697435189339787e-01
5.695305580159433223e-01
5.697999932544098867e-01
5.719876898374255392e-01
5.720385264621189458e-01
5.735549654109700635e-01
5.760802519235139751e-01
5.810492332526231429e-01
5.851419031719532482e-01
5.870534292810289934e-01
5.827646653728166815e-01
5.855136411658690143e-01
5.858666584698614122e-01
5.883141820841842895e-01
5.887152620961672023e-01
5.896089951981865473e-01
5.915651248077604674e-01
5.927360206536408382e-01
5.954456658016735737e-01
5.981961603155269147e-01
5.994073818359656469e-01
6.019758444450790114e-01
6.014082523588226703e-01
6.026737223227962570e-01
6.059515570934256301e-01
6.047205717258563595e-01
6.092523975588491902e-01
6.137425312330255789e-01
6.189871021820836372e-01
6.183032732130928633e-01
6.181827794961270994e-01
6.224446786090621631e-01
6.262395718558161350e-01
6.303711447987454530e-01
6.316458652274320462e-01
6.351340887386108802e-01
6.373499538319482571e-01
6.387622564624984012e-01
6.411243352747530988e-01
6.398776697082122489e-01
6.411010821323491760e-01
6.413470810770713904e-01
6.434260989281149756e-01
6.450967474318619610e-01
6.449426233476976966e-01
6.510081717518494404e-01
6.524508979012909604e-01
6.566960436823450209e-01
6.551944668151026274e-01
6.578841939056866428e-01
6.595929075024008492e-01
6.624015289236936388e-01
6.631883387320685053e-01
6.674346804294732927e-01
6.711440268641611917e-01
6.741238224035573934e-01
6.743646333416759564e-01
6.736892020051483687e-01
6.761054383518509958e-01
6.803915405684523021e-01
6.835426039078761340e-01
6.839624738784403357e-01
6.835853847002980599e-01
6.857582079718897994e-01
6.893261254951741357e-01
6.896469258196364915e-01
6.914259712682282455e-01
6.943796440297218542e-01
6.931993156544054013e-01
6.932137086486946931e-01
6.909328499768156995e-01
6.917274327382448851e-01
6.960306333828545355e-01
6.976017986510116842e-01
6.990721564079197536e-01
7.003234512453904159e-01
7.044986829107671156e-01
7.082273808547288052e-01
7.093800978792822454e-01
7.106894037589110980e-01
7.114505967836082245e-01
7.117356627421191906e-01
7.151636073423783824e-01
7.174340341890523831e-01
7.184418048500899046e-01
7.209375677647011926e-01
7.210272684532204046e-01
7.209949590299539190e-01
7.234859503170631978e-01
7.242662655713679731e-01
7.264901425771492782e-01
7.291722629417860535e-01
7.329095017425606429e-01
7.342638674370268737e-01
7.368601397270182485e-01
7.351768197024968199e-01
7.376016298504083357e-01
7.409966302076469447e-01
7.423018535524861239e-01
7.451768488745981189e-01
7.486183719193427732e-01
7.491081382385730292e-01
7.518785832235559408e-01
7.529018187195032352e-01
7.552016203277481798e-01
7.575262200833899895e-01
7.608061765299198864e-01
7.643839127171545567e-01
7.686900490590905521e-01
7.697321575286192319e-01
7.708727272727272650e-01
7.702810228218018862e-01
7.742215471411522110e-01
7.735580901665887188e-01
7.757593164357003968e-01
7.767540878027835438e-01
7.774315324619823775e-01
7.787464488636364202e-01
7.790975553628012307e-01
7.807232743253498253e-01
7.786951339223109336e-01
7.815838324401948034e-01
7.830282687365606176e-01
7.850291255362936704e-01
7.871150898704193377e-01
7.906085623715470856e-01
7.918851349005172624e-01
7.934455178144800280e-01
7.938590442038480077e-01
7.940333350498651743e-01
7.945599178855530242e-01
7.972846042182563098e-01
7.990425731273105292e-01
8.000135952688464114e-01
8.023879887224429908e-01
8.027558655245962127e-01
8.028546392100029960e-01
8.041167765370643705e-01
8.039077686171995918e-01
8.045498612643332548e-01
8.049913425679274814e-01
8.046696093724070575e-01
8.053024163538030633e-01
8.063239150873372507e-01
8.054433829081716345e-01
8.065213121194264589e-01
8.065052038373210497e-01
8.064929586605230627e-01
8.073946967980055733e-01
8.094753505201266464e-01
8.090799323834823031e-01
8.116547942562188922e-01
8.121720713059383812e-01
8.139859019545017116e-01
8.144201428274727705e-01
8.173553190809446090e-01
8.174561445437598106e-01
8.195479146768545053e-01
8.212276296131472142e-01
8.210284446557326588e-01
8.238473364715578340e-01
8.260359903687745087e-01
8.253853070625167820e-01
8.269772566302038275e-01
8.275277193202877912e-01
8.283200552035632214e-01
8.288185429634958856e-01
8.287937136531594584e-01
8.307064540244206707e-01
8.327501749475156867e-01
8.341794358281713340e-01
8.357350044207294548e-01
8.388223785344948169e-01
8.395920834431133128e-01
8.373814480684710349e-01
8.377879049143983625e-01
8.397458578834823273e-01
8.411693281896008845e-01
8.430468461822205883e-01
8.435860460835149510e-01
8.431969407265773597e-01
8.451458017951893886e-01
8.454036233764252728e-01
8.455647248698194840e-01
8.472524296947481215e-01
8.471122037087620571e-01
8.484118689507884614e-01
8.513226871912972227e-01
8.504988905157968571e-01
8.529376227156018064e-01
8.549700182760131550e-01
8.557064684866666493e-01
8.556798843390912568e-01
8.567520442520442092e-01
8.571492866465637572e-01
8.580509745127437027e-01
8.573649901321691580e-01
8.590754345099443912e-01
8.618049116089856465e-01
8.626486938848705321e-01
8.662395593210190370e-01
8.694778514230873112e-01
8.708037080370802929e-01
8.715197650373123217e-01
8.732113693232046447e-01
8.738092033439515127e-01
8.757425668497209603e-01
8.764674253965408779e-01
8.789236998192221373e-01
8.795605183017852768e-01
8.801824088700784809e-01
8.806472260676698749e-01
8.812328930143995542e-01
8.830405002977962381e-01
8.829614875811940822e-01
8.829368906827320673e-01
8.826692341875278514e-01
8.837257484498246551e-01
8.850221111324745316e-01
8.852170830071055541e-01
8.856168629882207322e-01
8.845796939211381105e-01
8.853832337092548688e-01
8.868990685286283204e-01
8.880207183743138444e-01
8.917727212399167991e-01
8.912473871699002625e-01
8.912957220744486264e-01
8.924377642085487006e-01
8.934403380331283895e-01
8.951140352165420921e-01
8.961372508732278197e-01
8.977372776897341033e-01
9.019555869706072926e-01
9.021873528026378430e-01
9.049058050060437841e-01
9.050361619702749216e-01
9.057689477557027136e-01
9.085710074434372174e-01
9.092664946553630223e-01
9.114904541296585672e-01
9.139749992612075102e-01
9.157796700372539123e-01
9.199335745210841520e-01
9.214094955489613437e-01
9.224398482873058525e-01
9.225565801743661476e-01
9.248214973483839252e-01
9.250266492952741171e-01
9.265685606845706079e-01
9.296361667729639011e-01
9.334057722935861223e-01
9.354685010646058840e-01
9.369487485101311020e-01
9.361822345139323431e-01
9.373056609387786509e-01
9.399018745246580098e-01
9.411220531184721905e-01
9.410020708869056838e-01
9.425691269971262498e-01
9.421930072426049074e-01
9.438285841827245282e-01
9.452621552840325680e-01
9.450110007730273542e-01
9.457082150869945414e-01
9.456665428889714509e-01
9.450099415378223622e-01
9.441390448813881120e-01
9.420688431511711203e-01
9.424478512188992907e-01
9.448220711715312747e-01
9.447316574577451220e-01
9.461846199436954041e-01
9.471726631497836557e-01
9.472889112694206082e-01
9.473060456572302002e-01
9.506876986602500468e-01
9.520919786414409058e-01
9.527738137709597099e-01
9.550836224998882074e-01
9.565022889607970313e-01
9.554159097000921586e-01
9.566299165673420868e-01
9.563922316215893726e-01
9.570601455638739763e-01
9.588106481550449089e-01
9.611145085989587500e-01
9.652374393676269593e-01
9.677409670204302206e-01
9.696318557475582800e-01
9.694758494362116785e-01
9.703820460857165431e-01
9.699476109701729021e-01
9.715547942117839231e-01
9.735048521778379982e-01
9.752044951267644368e-01
9.755954175459753408e-01
9.769790471589879788e-01
9.775750894731278784e-01
9.782533186341876297e-01
9.781840690862974030e-01
9.777804576562454386e-01
9.772699867358013437e-01
9.793148223641497951e-01
9.813556500552369499e-01
9.837981206426189562e-01
9.856383786245634937e-01
9.860313989857580896e-01
9.867004721636023490e-01
9.858798192131524862e-01
9.866478522766930492e-01
9.875535047509182984e-01
9.902962827766623732e-01
9.916297615242963825e-01
9.922801674914352166e-01
9.937959208560716018e-01
9.939053191327269499e-01
9.951965598218915909e-01
9.958361295833080273e-01
9.960792689438436875e-01
9.950899664531869249e-01
9.960949417292085384e-01
9.974804159604196974e-01
9.982889791927648249e-01
9.980756013745704092e-01
1.001179245283018826e+00
1.002115526122148603e+00
1.004024330302285550e+00
1.005118273620141167e+00
1.006862171892790148e+00
1.006739498384366716e+00
1.007515554734183416e+00
1.007515323251301220e+00
1.008213647290883141e+00
1.010744222664752501e+00
1.013931672884320623e+00
1.015976423142546992e+00
1.019034130702068497e+00
1.020175110612575597e+00
1.021373188349272265e+00
1.023080649446033163e+00
1.024787180771156825e+00
1.025643032703476898e+00
1.027265034943119604e+00
1.028429850559031689e+00
1.029295067827177945e+00
1.032690946275466315e+00
1.032047552403566382e+00
1.032651455546813590e+00
1.034080703357650455e+00
1.037752553198216798e+00
1.037354959056562054e+00
1.037788076746650745e+00
1.036962641951095998e+00
1.038852181077783543e+00
1.039376199768375253e+00
1.040325399599606238e+00
1.041640147657840965e+00
1.041689880772353138e+00
1.041435188869963779e+00
1.040574311955812181e+00
1.040562689963558940e+00
1.041702493551160957e+00
1.041548600719538920e+00
1.042101910828025613e+00
1.041417197452229493e+00
1.042000605471550712e+00
1.041570402001242845e+00
1.041733726396303128e+00
1.040880703543206609e+00
1.041351825282958776e+00
1.043132622437902945e+00
1.042572550521980723e+00
1.044058638274743211e+00
1.047468608175505578e+00
1.048161640801784644e+00
1.047807805880087262e+00
1.048219274864318207e+00
1.049664559100342620e+00
1.050761748317067479e+00
1.050898782294955147e+00
1.052515317639471260e+00
1.054345896214994749e+00
1.056057690752987277e+00
1.055770319450060724e+00
1.055410079849998572e+00
1.054118634763796081e+00
1.056657819782496288e+00
1.060489834392420061e+00
1.059498277766946162e+00
1.059784729448491225e+00
1.061008345941724773e+00
1.059194486883594077e+00
1.058874205555826675e+00
1.059077153363053414e+00
1.060135916950506019e+00
1.060359449409615795e+00
1.060655041797283316e+00
1.059187336814621405e+00
1.058836966453465367e+00
1.058660402596978800e+00
1.058231523317076483e+00
1.059441359032995855e+00
1.060725964682799338e+00
1.061019723381618984e+00
1.061196743599403636e+00
1.064147223135064158e+00
1.063451901749774109e+00
1.063904702359406373e+00
1.062990312977977858e+00
1.063393268787459656e+00
1.064910630291627358e+00
1.063682396213033510e+00
1.063142268041237015e+00
1.064291618449330512e+00
1.063641019710212188e+00
1.062690753113915587e+00
1.064257957833815604e+00
1.067846705632306215e+00
1.069553500133084922e+00
1.071095104708550183e+00
1.072373800584063508e+00
1.073384227319045037e+00
1.072082303427082550e+00
1.071490598176413567e+00
1.074662377266177415e+00
1.075929812778104289e+00
1.078675157518784289e+00
1.078036288896002226e+00
1.077332435163354640e+00
1.079256360078277854e+00
1.081476594088886634e+00
1.083336159820913913e+00
1.084465425893220925e+00
1.084091024965585293e+00
1.084874364165291372e+00
1.084463195141452507e+00
1.083296486514064183e+00
1.083236935220468045e+00
1.084944716084297323e+00
1.085652374208739390e+00
1.089585225033836480e+00
1.089721836598282589e+00
1.089806283351349547e+00
1.091753215489373430e+00
1.092643895723995451e+00
1.092648071625344386e+00
1.092684187850064603e+00
1.093201035375323649e+00
1.095105547967704540e+00
1.094562116365522586e+00
1.096643969714295785e+00
1.095855281397283054e+00
1.096099843993759704e+00
1.096337040828720744e+00
1.099232255705854699e+00
1.103872931462757334e+00
1.104606542727479823e+00
1.107102078100022702e+00
1.106247582885068415e+00
1.106085121350685929e+00
1.105194668167270411e+00
1.106192664588945940e+00
1.106614278666572693e+00
1.106554052862659399e+00
1.106442626419352537e+00
1.106879520197565636e+00
1.107676000353325696e+00
1.106143278416415132e+00
1.106613162686276963e+00
1.106590724165988693e+00
1.107610061779752630e+00
1.107264291280017021e+00
1.107598191329018489e+00
1.110960805952084129e+00
1.110602607023292387e+00
1.110665525968702161e+00
1.114816008018327587e+00
1.118669350490636649e+00
1.121645021645021556e+00
1.119929357913896029e+00
1.120406102355105071e+00
1.120725435351439092e+00
1.119530897609382070e+00
1.120198735320686589e+00
1.121179770198136305e+00
1.119276171882061632e+00
1.121366344882545718e+00
1.121409803388601967e+00
1.121968033961648015e+00
1.122996692953446951e+00
1.124392154005864564e+00
1.125221198577031734e+00
1.126224594238923959e+00
1.126899000622322955e+00
1.130497913871376880e+00
1.129376734611355237e+00
1.132301961941289292e+00
1.131843410595415822e+00
1.131365708695571959e+00
1.132994266691326191e+00
1.135371098094461351e+00
1.134557651680812462e+00
1.135329274630633378e+00
1.137588203533726805e+00
1.138536694510739800e+00
1.138558262751389938e+00
1.136709569110240681e+00
1.136221060492905055e+00
1.136663613079324620e+00
1.135169475690421814e+00
1.137348946135831484e+00
1.136867948573784481e+00
1.137186485827377247e+00
1.138086557796027076e+00
1.141193101498445106e+00
1.142282563540919282e+00
1.141484320425925514e+00
1.143522286363206186e+00
1.144932483689880209e+00
1.144380764413405860e+00
1.143337193628614301e+00
1.143964878271281238e+00
1.145313958138914900e+00
1.144907919319784861e+00
1.149008270791851638e+00
1.149452404242668369e+00
1.149930827761125096e+00
1.149661564495038757e+00
1.152647433669331534e+00
1.155433687311061108e+00
1.154771824435616656e+00
1.153758188936697904e+00
1.152549597024178585e+00
1.152757035629085047e+00
1.153197934060813168e+00
1.152431802737598154e+00
1.153991359514264570e+00
1.153335151562378202e+00
1.155743150818775211e+00
1.156084293736669988e+00
1.157493433690070184e+00
1.159246306193021159e+00
1.159910264483627218e+00
1.160141086523872378e+00
1.159504604886899104e+00
1.160343635825022313e+00
1.163935400772812656e+00
1.168923223956674251e+00
1.171799480726982257e+00
1.174447962168877480e+00
1.174696137029162868e+00
1.175142036899480047e+00
1.179565813897183624e+00
1.180691968796734326e+00
1.179181059733753534e+00
1.181864235055724466e+00
1.182447240259740351e+00
1.184322421825727778e+00
1.187503827233573617e+00
1.186001917545541628e+00
1.188578446423088630e+00
1.187327316264505495e+00
1.187905985533083353e+00
1.189103748409081618e+00
1.189982515684459452e+00
1.190321185026473660e+00
1.190290581368970368e+00
1.193208624756859626e+00
1.194901708425881726e+00
1.194316930810294330e+00
1.195931878747501731e+00
1.198037578288100313e+00
1.197819639948205950e+00
1.198390468227424677e+00
1.198581560283688008e+00
1.198023740239077206e+00
1.198364951262970379e+00
1.201510434197240018e+00
1.202119590409169492e+00
1.207642286755205241e+00
1.208788643934732399e+00
1.214314675316361170e+00
1.215692564316417590e+00
1.216663097022917084e+00
1.216799554183813470e+00
1.217585437059934828e+00
1.217310087173101074e+00
1.217001180637544255e+00
1.217019263845889210e+00
1.216455151645515320e+00
1.218392291275949058e+00
1.219082568807339673e+00
1.219277784976890766e+00
1.219983988575632283e+00
1.220440708079648218e+00
1.221438492924733055e+00
1.226253024918790402e+00
1.226633473095737115e+00
1.224590056551453143e+00
1.223210189412972548e+00
1.226984579613503268e+00
1.229321075897864546e+00
1.230216620022477336e+00
1.231456756339240455e+00
1.232374593770035220e+00
1.233350324682520149e+00
1.235355555555555540e+00
1.237072996926913859e+00
1.236703669029468156e+00
1.236005174182612798e+00
1.241212338593974174e+00
1.244150467962563011e+00
1.244834501250535075e+00
1.246758820074987506e+00
1.246715064341769041e+00
1.249603012567487736e+00
1.253490331837747940e+00
1.251332513325133400e+00
1.250513159695296972e+00
1.248723326645996723e+00
1.249206602890476914e+00
1.250904097047379260e+00
1.253097182710837920e+00
1.255543020284115796e+00
1.256375374682960677e+00
1.257615679748532500e+00
1.257724800370327412e+00
1.259893693568228779e+00
1.260844284219095224e+00
1.261076059879403077e+00
1.262904769686923556e+00
1.263592357879475214e+00
1.261604658232584164e+00
1.260364027699794054e+00
1.258562605277933732e+00
1.259779549718574199e+00
1.259600253658078373e+00
1.257985719654265422e+00
1.257416200460721001e+00
1.257958184215483222e+00
1.256714729997172597e+00
1.258328214336341677e+00
1.257215800297851294e+00
1.257360081476042835e+00
1.258569122673756091e+00
1.259420393219694123e+00
1.263384013175167686e+00
1.266192392449937643e+00
1.267999135176688164e+00
1.270563292054160742e+00
1.272299222485149928e+00
1.272569024708669838e+00
1.273903248467818328e+00
1.274875652068421683e+00
1.277026369563102115e+00
1.275007297849567012e+00
1.274996347343301251e+00
1.274606730628744078e+00
1.278814409038663724e+00
1.280273509300786650e+00
1.279535089009857352e+00
1.277764157881833729e+00
1.278065418496797889e+00
1.281940714092107525e+00
1.282013962552729813e+00
1.283881652124477801e+00
1.286185270568404260e+00
1.286622463930070293e+00
1.286986148068936409e+00
1.288132213276167226e+00
1.289633460760062800e+00
1.287605204665218217e+00
1.291931233529928669e+00
1.294133937562940595e+00
1.295070812963056150e+00
1.295860379359987657e+00
1.295684508752403152e+00
1.293848333080386492e+00
1.295140561230956555e+00
1.296743523908788331e+00
1.298725790010193837e+00
1.296587926509186195e+00
1.296316138578498922e+00
1.292487198430693152e+00
1.293799300538636343e+00
1.294030385185942933e+00
1.292517006802721191e+00
1.290978788653207365e+00
1.294283517046910914e+00
1.297941327843540771e+00
1.299434882460712704e+00
1.299829510229386198e+00
1.299837129339985964e+00
1.298866928807946852e+00
1.300601566146346366e+00
1.298138256495358522e+00
1.298623734095040172e+00
1.298110657761376352e+00
1.300516108852048713e+00
1.301831099966042515e+00
1.301891234403201869e+00
1.300557168641607086e+00
1.301005972964476509e+00
1.301322418136020120e+00
1.298341816655297132e+00
1.305297348684905545e+00
1.303844935037498765e+00
1.303088752080746149e+00
1.305332591591830349e+00
1.304431905480939902e+00
1.303079287682849419e+00
1.307160152196471747e+00
1.310594522378089488e+00
1.311834002677376043e+00
1.312094569238192232e+00
1.310781107596633355e+00
1.310037573805689748e+00
1.308051529790660084e+00
1.307281175301479914e+00
1.306786088921165323e+00
1.307735864319033547e+00
1.307883436411267475e+00
1.308262740534249735e+00
1.309695621507243279e+00
1.308212481668567628e+00
1.307075702407477724e+00
1.307284299858557430e+00
1.308503967063827433e+00
1.306159173323881317e+00
1.307429383938093048e+00
1.307226936764303238e+00
1.306346511882597650e+00
1.309158313881642055e+00
1.309483232545354481e+00
1.307421660252886086e+00
1.307988768375268451e+00
1.306942685679678418e+00
1.305428618620271930e+00
1.305783756960908537e+00
1.305610779765849383e+00
1.307041318657005347e+00
1.306965794211328191e+00
1.312849784212724247e+00
1.314853585685174187e+00
1.313999944123152464e+00
1.320156214879748324e+00
1.324858199057482144e+00
1.328508709814473665e+00
1.332158389948548960e+00
1.329941158077261987e+00
1.329405737704917989e+00
1.331146979980607936e+00
1.337272675119040910e+00
1.334805805748379370e+00
1.338504489983882051e+00
1.341294165269184102e+00
1.344382576416681241e+00
1.344523173423161744e+00
1.345231861290510089e+00
1.346056350339442487e+00
1.346813725490196179e+00
1.344887955182072936e+00
1.344213909994155465e+00
1.343961154824933502e+00
1.345135856024855636e+00
1.345512707636320915e+00
1.341779576514751549e+00
1.344385877087075576e+00
1.342854618805029432e+00
1.342112240388864342e+00
1.342547793249940780e+00
1.342315988535295546e+00
1.341446103800088663e+00
1.343781507621137461e+00
1.344727229531078372e+00
1.345960422556167213e+00
1.343788126766849889e+00
1.342664006432208845e+00
1.349495070570255528e+00
1.353217218662575494e+00
1.353894832002410675e+00
1.356429954028550489e+00
1.359460444768501697e+00
1.360197218248775153e+00
1.364506267196575751e+00
1.362610822378477415e+00
1.362454100367197052e+00
1.366711731088305903e+00
1.366071154023553946e+00
1.367595872478053254e+00
1.367167765387222067e+00
1.368265044616667092e+00
1.367961885905209840e+00
1.367134492053164729e+00
1.366230382730599713e+00
1.365622091219360623e+00
1.367663068835733853e+00
1.364538609918486856e+00
1.362329662124323493e+00
1.364123827041181958e+00
1.360725188461778146e+00
1.361287100901969360e+00
1.360468749999999893e+00
1.362809658200062612e+00
1.366689750692520855e+00
1.366759107525526096e+00
1.366039045005834618e+00
1.364982165966983185e+00
1.367677343725247852e+00
1.373308282648154632e+00
1.375674898565540927e+00
1.373662183316826768e+00
1.378143164520376329e+00
1.376216320369954227e+00
1.378407113860429245e+00
1.379879782833505653e+00
1.384480519480519423e+00
1.383456204735149742e+00
1.384157061926157395e+00
1.390284647384454120e+00
1.389334993936612861e+00
1.388161564458443964e+00
1.391818451302658133e+00
1.393767331308596313e+00
1.393294094305931985e+00
1.394298972489227628e+00
1.393818676758623143e+00
1.394321242145160733e+00
1.391755319148936243e+00
1.392515578659735409e+00
1.394452798663325055e+00
1.393824847795544386e+00
1.395098565106611233e+00
1.396333478830205088e+00
1.393714535137494437e+00
1.392747924858016795e+00
1.391571731021272518e+00
1.391399441434772344e+00
1.391694195375176912e+00
1.394774250321532350e+00
1.393352738103296629e+00
1.392718035563082157e+00
1.395235829821938278e+00
1.395504087193460530e+00
1.395156889495225094e+00
1.397822961593756297e+00
1.402945528371356776e+00
1.400330339630432519e+00
1.402662803532008784e+00
1.406301939058171691e+00
1.409136703143998526e+00
1.411729857819905121e+00
1.416406988550821033e+00
1.419121265377855989e+00
1.419888724558067361e+00
1.422879949139971067e+00
1.424957482993197244e+00
1.422760770975056710e+00
1.428118769581316005e+00
1.427751639577987008e+00
1.430251680251680257e+00
1.430962793031758551e+00
1.430335223602038575e+00
1.431165935409623780e+00
1.430892844274699094e+00
1.434246228428783354e+00
1.438744368551082786e+00
1.436855108269146974e+00
1.437534116962043917e+00
1.436466302367941816e+00
1.439641943734015550e+00
1.441222771371041489e+00
1.441180784745141219e+00
1.441033747518564612e+00
1.438203073303433444e+00
1.435164431379754024e+00
1.441458094569115111e+00
1.440985972833931816e+00
1.440179332320575156e+00
1.437606457824187167e+00
1.436640598939994629e+00
1.433329628394649946e+00
1.439900082022220751e+00
1.437551263887853370e+00
1.441038707985161205e+00
1.441151089933591090e+00
1.439012493903125245e+00
1.437099013244287571e+00
1.441291732609842446e+00
1.447596681943865704e+00
1.444785276073619507e+00
1.442929637203665738e+00
1.441205458680818730e+00
1.443797564687975488e+00
1.441818873668188727e+00
1.441158536585366079e+00
1.441264025646897151e+00
1.442969198392959784e+00
1.440405586378419756e+00
1.437688922900325350e+00
1.441113243761996010e+00
1.440625840925690904e+00
1.447817176443293219e+00
1.453308451908871923e+00
1.454609183315808130e+00
1.452817696771429690e+00
1.455021288230928578e+00
1.453341666341158467e+00
1.456689520078354505e+00
1.459727190534219066e+00
1.457407916977868423e+00
1.456267935060340468e+00
1.455010023978929867e+00
1.454427339659041696e+00
1.462536194518265775e+00
1.466201673973694719e+00
1.463850139497807623e+00
1.467232135712571273e+00
1.469223047580807018e+00
1.471384268395827588e+00
1.476284904896802752e+00
1.477065336415622543e+00
1.476509522069273439e+00
1.478984059684455010e+00
1.479949311204676432e+00
1.477414871438499144e+00
1.483003822598544907e+00
1.486229075616393169e+00
1.485115857178197496e+00
1.487236679058240529e+00
1.489213697155397309e+00
1.486232454142685677e+00
1.493166666666666531e+00
1.493217580032555558e+00
1.491715013147460134e+00
1.491263272301647014e+00
1.494585746663309012e+00
1.492238630642725550e+00
1.490560496727638906e+00
1.492216425445977768e+00
1.494786169628910422e+00
1.496591438370665328e+00
1.500828412421937985e+00
1.500681024942538411e+00
1.503011147653013246e+00
1.506341045415595659e+00
1.504867693099455339e+00
1.508133930108452425e+00
1.508794619762027889e+00
1.510201435117143776e+00
1.508385925477652156e+00
1.506959453618051281e+00
1.506254598969830605e+00
1.507839305103148675e+00
1.510956218688738861e+00
1.511527377521614035e+00
1.510392105492970094e+00
1.512946330777656057e+00
1.512718182615560236e+00
1.510569248311551815e+00
1.510985148079796225e+00
1.512961577395360857e+00
1.513843576404197089e+00
1.511374658319372122e+00
1.514398195249259338e+00
1.514445232187167534e+00
1.519919786096256553e+00
1.523758341170674768e+00
1.524548267049275818e+00
1.524209486166008043e+00
1.525225225225225190e+00
1.521756756756756701e+00
1.522096330068162251e+00
1.524263941024829316e+00
1.526430418803030875e+00
1.525069195517038123e+00
1.523390353464313174e+00
1.525647444358472438e+00
1.529780134387712875e+00
1.527540339168990347e+00
1.528288057171652392e+00
1.527326034174721681e+00
1.527912955651455240e+00
1.529154586037093422e+00
1.529691101890271909e+00
1.537868586022753892e+00
1.538121598362562237e+00
1.539946830838113678e+00
1.542191229465998958e+00
1.538400336968221760e+00
1.539085580304806689e+00
1.539422399624324811e+00
1.541160403127060263e+00
1.544264309684737935e+00
1.544774352417483287e+00
1.542942459000853139e+00
1.543813820945143522e+00
1.544004950259412645e+00
1.540751307655729985e+00
1.548641668260952731e+00
1.548951048951048959e+00
1.545454545454545636e+00
1.548387096774193505e+00
1.545694918513532912e+00
1.543723859429835032e+00
1.541560501898947111e+00
1.539371214306316737e+00
1.538117454667885076e+00
1.536866913568371018e+00
1.547508241225518555e+00
1.553271301213036582e+00
1.549861158474204803e+00
1.549263486489123043e+00
1.548489588425065788e+00
1.545116824714048320e+00
1.546140651801029220e+00
1.543641264395981372e+00
1.540210732663562787e+00
1.548005325706396151e+00
1.547147443813287504e+00
1.552423956731007859e+00
1.554085641816282948e+00
1.554315883847188218e+00
1.556082463934508109e+00
1.553370926692948517e+00
1.554716792481127818e+00
1.551067339899015129e+00
1.551147179641318319e+00
1.549243562769261562e+00
1.547239755535517514e+00
1.549547283702213285e+00
1.548440643863179256e+00
1.551273644388398543e+00
1.550466582597730403e+00
1.548650693568726533e+00
1.544968474148802118e+00
1.544283983033730712e+00
1.542617652999394240e+00
1.542521994134897323e+00
1.544220443724040104e+00
1.541535811974470871e+00
1.545852194700167770e+00
1.542444433141752613e+00
1.547903885480572450e+00
1.546676891615541782e+00
1.547539808509548864e+00
1.549378913869212671e+00
1.554420715980604495e+00
1.552666873001134817e+00
1.556073314694004228e+00
1.552914983949466476e+00
1.549497773635704512e+00
1.550814907090210859e+00
1.552032435804137522e+00
1.559113943890079179e+00
1.556501750169792642e+00
1.556451612903225756e+00
1.556383090317843276e+00
1.553603272841707961e+00
1.549931815797755297e+00
1.547728941571383743e+00
1.548439634338552029e+00
1.553203842499735865e+00
1.551020408163265252e+00
1.553728651744987976e+00
1.558486544098054871e+00
1.555981881161737412e+00
1.553690381028510537e+00
1.564497931553215482e+00
1.566318284667600480e+00
1.565833423122508394e+00
1.566450916936353632e+00
1.563052858683926738e+00
1.566901408450704025e+00
1.569860930030421597e+00
1.571000762278122576e+00
1.569639551344876427e+00
1.565937057606446636e+00
1.571702034565740425e+00
1.570006563115291964e+00
1.576117433613722474e+00
1.584195100370513920e+00
1.587062742920599456e+00
1.591995087640951212e+00
1.592161905294347868e+00
1.598987626546681584e+00
1.598321410465836756e+00
1.599097574732092575e+00
1.596954314720812285e+00
1.599174954792043524e+00
1.596518987341772222e+00
1.602861847708818122e+00
1.612807318467695872e+00
1.623385608856088735e+00
1.620214483394834204e+00
1.617908210332103414e+00
1.622829358647835063e+00
1.623144712430426795e+00
1.632817518248175004e+00
1.637467730579676095e+00
1.642335336396842260e+00
1.646846740351084470e+00
1.654756242568370839e+00
1.655799260936941186e+00
1.653295982834664279e+00
1.652622784507966625e+00
1.650593781703168617e+00
1.648982514769946839e+00
1.646177716775078848e+00
1.643671301545622798e+00
1.639434266276779795e+00
1.642433323344321572e+00
1.642458435868195288e+00
1.642281798509257040e+00
1.645842127479949291e+00
1.646035867399311625e+00
1.644948976511080296e+00
1.645229596466815991e+00
1.643112105995523153e+00
1.641962611168249930e+00
1.643277336406088862e+00
1.648084898755794114e+00
1.651054723326199847e+00
1.650061274509803999e+00
1.649825035299895326e+00
1.652602402217431488e+00
1.664617868007698398e+00
1.661948221270255210e+00
1.659278574532811801e+00
1.663013016130036936e+00
1.663443543356207366e+00
1.664437499999999792e+00
1.662562499999999943e+00
1.668362220547600971e+00
1.674914783486933567e+00
1.671947986365358130e+00
1.686033163265306056e+00
1.691243354045224523e+00
1.686887451156235951e+00
1.692649330587023826e+00
1.695994832041343603e+00
1.695449543659784064e+00
1.693960774160139904e+00
1.695618356235415902e+00
1.702813599062133809e+00
1.704373368146214096e+00
1.705462872096827009e+00
1.711448674952324556e+00
1.717526455026455068e+00
1.721642634062064081e+00
1.718984650142866721e+00
1.721351909872675279e+00
1.717685487634157848e+00
1.718904475617902383e+00
1.721240123208785278e+00
1.718628632650328170e+00
1.720438054286482332e+00
1.716675624832034508e+00
1.720129388772828394e+00
1.721137607241775447e+00
1.723866946683829005e+00
1.719399147438933628e+00
1.716624940794370335e+00
1.719986426874787755e+00
1.720715208375824368e+00
1.730953685941353903e+00
1.734667216721672345e+00
1.731023102310231154e+00
1.734257535002414086e+00
1.736106304934597500e+00
1.738762486126526285e+00
1.734322974472807921e+00
1.733074361820199805e+00
1.730646503884572640e+00
1.728426748057713791e+00
1.730239354300027843e+00
1.740468180543874643e+00
1.746182534656252283e+00
1.747145072606795413e+00
1.749947007701547319e+00
1.745495654631526783e+00
1.746721485787197770e+00
1.744523995179698028e+00
1.746372688477951574e+00
1.742034139402560466e+00
1.743364726027397005e+00
1.740796232876712368e+00
1.738584474885844777e+00
1.741196679072430475e+00
1.738977955911823692e+00
1.739339210205690378e+00
1.745085331605098267e+00
1.752442996742671122e+00
1.753955581361590799e+00
1.752358832922049414e+00
1.749600812890114598e+00
1.746842792858179561e+00
1.745100885469589080e+00
1.744447670198867817e+00
1.740474635314609220e+00
1.747789873602688671e+00
1.750586338317209112e+00
1.753308823529412086e+00
1.751617647058823612e+00
1.759000517483551240e+00
1.764085813970752037e+00
1.763046544428772844e+00
1.759483334570558943e+00
1.774962518740629935e+00
1.772863568215892194e+00
1.781129798627347549e+00
1.794627910515903091e+00
1.798396946564885468e+00
1.796412213740457897e+00
1.799448867115738038e+00
1.800859159251303909e+00
1.797023626879410640e+00
1.798847040737893810e+00
1.800955536718810146e+00
1.812383467992541908e+00
1.814301293036298501e+00
1.820502780170725865e+00
1.839185226282000540e+00
1.836252674962352449e+00
1.837438423645320285e+00
1.855822550831793150e+00
1.866402330474186799e+00
1.869226398246610854e+00
1.866222907703547262e+00
1.864112346781394480e+00
1.866948945525608750e+00
1.863203322205032153e+00
1.868978490226547828e+00
1.865952400425288094e+00
1.862272020937269845e+00
1.859900220822769290e+00
1.857691993129958474e+00
1.856546986178130521e+00
1.853193751533491307e+00
1.868836210456760627e+00
1.871852220013253909e+00
1.874429034133377581e+00
1.870691803006394816e+00
1.867951166846607558e+00
1.865293580267419760e+00
1.861888547462835497e+00
1.860227555850842984e+00
1.863912717581410750e+00
1.861830598817356464e+00
1.875293722725747125e+00
1.888438133874239311e+00
1.885480054090601598e+00
1.888756995082245149e+00
1.883415295913176024e+00
1.888482165659317147e+00
1.887716012598961379e+00
1.885162169064442006e+00
1.887182112988564864e+00
1.892125781852454613e+00
1.889812355410847244e+00
1.889861790711649059e+00
1.892122255703831302e+00
1.888075764098148923e+00
1.893271060370178338e+00
1.891800726517903541e+00
1.901549442896935949e+00
1.903794156127344150e+00
1.902485826428260030e+00
1.904653603918824656e+00
1.902554233729881084e+00
1.906016688625384425e+00
1.919053107544995029e+00
1.916570617962585210e+00
1.919772302766165506e+00
1.930920168443687857e+00
1.934267241379310276e+00
1.940157053885729788e+00
1.937629749977434646e+00
1.934741402653668896e+00
1.931492011914432760e+00
1.928964708006137840e+00
1.934311860106913139e+00
1.948661733808349394e+00
1.974335217270453136e+00
1.973038080237190739e+00
1.969239321782636720e+00
1.972609099350046469e+00
1.968987929433611894e+00
1.969674418604651089e+00
1.966418604651163138e+00
1.964000000000000190e+00
1.961302325581395278e+00
1.958325581395349069e+00
1.956558139534883889e+00
1.960041079264307706e+00
1.956866772476892891e+00
1.954532723368499481e+00
1.952011950331434820e+00
1.947343852114648666e+00
1.945103164970590770e+00
1.958651219741923466e+00
1.973024316109422527e+00
1.971314589665653871e+00
1.966755319148936199e+00
1.971194200686760656e+00
1.973298880275624390e+00
1.970140683318977848e+00
1.968322327495453994e+00
1.966025456981529196e+00
1.963345774715283598e+00
1.960091874820556912e+00
1.971654454300038717e+00
1.969726185885075420e+00
1.967605090628615550e+00
1.978529097444865492e+00
1.974060040804430205e+00
1.972019819294666299e+00
1.968619450111726454e+00
1.967064995628096780e+00
1.962498785582434513e+00
1.958515495968133679e+00
1.961343719571567945e+00
1.958714703018500369e+00
1.973405299313051975e+00
1.999601791936286732e+00
1.996117471378795249e+00
2.007017543859649145e+00
2.002807017543859480e+00
1.998095238095238368e+00
2.004129318158928363e+00
2.006769728200465064e+00
2.012689067099787010e+00
2.023614802698834314e+00
2.021468002453485902e+00
2.019218973625025448e+00
2.017276630545900673e+00
2.015232058883663857e+00
2.013085258638315445e+00
2.018058690744921169e+00
2.018211750180059827e+00
2.013272970470213252e+00
2.012964296738347869e+00
2.019413465510119909e+00
2.014663362247005374e+00
2.011462205700123906e+00
2.007951259809996003e+00
2.004130524576621220e+00
2.001135894258570858e+00
2.012594982825023582e+00
2.009264078276256971e+00
2.008014989070469714e+00
2.000623765464185411e+00
1.995737602661399102e+00
1.992826697161866889e+00
2.000627155848228256e+00
1.998014006480610227e+00
2.009688289806234263e+00
2.013111980543512480e+00
2.021808510638297918e+00
2.016489361702127336e+00
2.013617021276595587e+00
2.011489361702127887e+00
2.007234042553191156e+00
2.002340425531914825e+00
2.007051282051282026e+00
2.002243589743589958e+00
2.000000000000000000e+00
2.015641855447680708e+00
2.013484358144552289e+00
2.011434735706580046e+00
2.007551240560949246e+00
2.013875338753387645e+00
2.011165311653116294e+00
2.005420054200541813e+00
2.004010840108401137e+00
2.001084010840108451e+00
2.000108401084010445e+00
1.996639566395663978e+00
1.994688346883468855e+00
1.992195121951219283e+00
1.988726287262872594e+00
1.992171360226160814e+00
2.000218674830527288e+00
2.011125798634060491e+00
2.008702357347433853e+00
2.004957038995373253e+00
2.009282793678859758e+00
2.008177699193281374e+00
2.004862415736545334e+00
2.000994585037020990e+00
2.009999999999999787e+00
2.006000000000000227e+00
2.013302034428794851e+00
2.008383635144198376e+00
2.008848566308243822e+00
2.005040322580645018e+00
2.011705120990433304e+00
2.007540799099605699e+00
2.003601575689363923e+00
2.002138435565559593e+00
2.003951230526078042e+00
2.014557034004321512e+00
2.017099863201094578e+00
2.020933424845572812e+00
2.017387325554792721e+00
2.014641958361930829e+00
2.018815970628728973e+00
2.015029830197338168e+00
2.014226709499770340e+00
2.018089641663786349e+00
2.016822214540845870e+00
2.013941698352345266e+00
2.019437695244707065e+00
2.025584370275613111e+00
2.022211885102918938e+00
2.031918625043844351e+00
2.040461067984003840e+00
2.044166273027869352e+00
2.059594755661501964e+00
2.089203582667634507e+00
2.084604212055192196e+00
2.089496053430480060e+00
2.088160291438980298e+00
2.085488767455980330e+00
2.083545840922890413e+00
2.081602914389800052e+00
2.078567091681846168e+00
2.072374013357620282e+00
2.068002428658166636e+00
2.066423800850030634e+00
2.069637204772339700e+00
2.064767470172875097e+00
2.062576089603116447e+00
2.060749939128317276e+00
2.056367177988799533e+00
2.053688823959094023e+00
2.051984416849281345e+00
2.050158266374482618e+00
2.058111083924639040e+00
2.070056636296478736e+00
2.066362964786998102e+00
2.063038660428465843e+00
2.060329967988180133e+00
2.057498153164245114e+00
2.054912583107608715e+00
2.051711401132725765e+00
2.056379821958457033e+00
2.052423343224530239e+00
2.059547488811535931e+00
2.073424382909409669e+00
2.070166645783736215e+00
2.075412312728188269e+00
2.070754123127281687e+00
2.069243358932393306e+00
2.065340551428930915e+00
2.061689537957950513e+00
2.086567926455566546e+00
2.111946100025913431e+00
2.118266978922716426e+00
2.114363778298204544e+00
2.118168775270640403e+00
2.114908047476196540e+00
2.111647319681752677e+00
2.128141034074463978e+00
2.122878568609393390e+00
2.119063281147217204e+00
2.118800157873963919e+00
2.130014563749503598e+00
2.135685752330226617e+00
2.133954727030625609e+00
2.133422103861517982e+00
2.130892143808255756e+00
2.127296937416777833e+00
2.128971962616822200e+00
2.123497997329772957e+00
2.120694259012015692e+00
2.116555407209612660e+00
2.118473895582329014e+00
2.127020474137931050e+00
2.134714324397508634e+00
2.130652585973463520e+00
2.128892499323043364e+00
2.127132412672623651e+00
2.125913891145410073e+00
2.137832310838445604e+00
2.137150647580094986e+00
2.143561643835616426e+00
2.149305077748727033e+00
2.143800743085179761e+00
2.140773359020228472e+00
2.141437836346074430e+00
2.153055555555555500e+00
2.148194444444444517e+00
2.141805555555555518e+00
2.150795867076235712e+00
2.159164212592904253e+00
2.168030474040632427e+00
2.165490970654627478e+00
2.176345307397415940e+00
2.182077625570776114e+00
2.196603339090385631e+00
2.195020149683362121e+00
2.193149107656879426e+00
2.191278065630397176e+00
2.184513529073114579e+00
2.182498560736902515e+00
2.180195739781232156e+00
2.178180771445020092e+00
2.176885434657455320e+00
2.187255611875452477e+00
2.185083272990586689e+00
2.181607530774801074e+00
2.177986965966690835e+00
2.174366401158580597e+00
2.173352643012310015e+00
2.169587255611875598e+00
2.163504706734250327e+00
2.160608254887762758e+00
2.159160028964518752e+00
2.153946415640840328e+00
2.152063721940622898e+00
2.148443157132512660e+00
2.146125995655322249e+00
2.142070963070239031e+00
2.139319333816075641e+00
2.135553946415640780e+00
2.131064446053584582e+00
2.130340333091962357e+00
2.125561187545257358e+00
2.122954380883418146e+00
2.119768283852281332e+00
2.117740767559739723e+00
2.116002896451846471e+00
2.110644460535843869e+00
2.109196234612599863e+00
2.106154960173787227e+00
2.104417089065894420e+00
2.124853458382180538e+00
2.140218676122931374e+00
2.135933806146572245e+00
2.132830969267139665e+00
2.127216312056737557e+00
2.137613315500074052e+00
2.133898053202556433e+00
2.129736959429335830e+00
2.142066696575444684e+00
2.148760330578512345e+00
2.146656649135987749e+00
2.140345604808414404e+00
2.151877649909145873e+00
2.163386727688787037e+00
2.188224385720908494e+00
2.227530747398296818e+00
2.243681449690033691e+00
2.253037084398976653e+00
2.251118925831201878e+00
2.262345182563937573e+00
2.268671193016488896e+00
2.267216294859359937e+00
2.280598958333333481e+00
2.272786458333333481e+00
2.266927083333333037e+00
2.263671875000000000e+00
2.259114583333333481e+00
2.267048242027800420e+00
2.266884709730171643e+00
2.263450531479967331e+00
2.275226337448559732e+00
2.273909465020576448e+00
2.288918424987539169e+00
2.297396528704939822e+00
2.293724966622162853e+00
2.306283602150537515e+00
2.303931451612903025e+00
2.299731182795698992e+00
2.317880794701986602e+00
2.314314824248599134e+00
2.310239429444727488e+00
2.305994226524027635e+00
2.303107488537952108e+00
2.300730174902360314e+00
2.299032093734080462e+00
2.293598233995584934e+00
2.306310928681375216e+00
2.300495980844877497e+00
2.296220283906277082e+00
2.292970754232940056e+00
2.290576363947323557e+00
2.306484994825801937e+00
2.301828216626423007e+00
2.300448430493273300e+00
2.294756812694032533e+00
2.293204553294239556e+00
2.309217391304347888e+00
2.306956521739130572e+00
2.304695652173913256e+00
2.301391304347826239e+00
2.297391304347826235e+00
2.294086956521739218e+00
2.305093646070365931e+00
2.299142307019079290e+00
2.298792228251356651e+00
2.297216873796604109e+00
2.295816558725713108e+00
2.314477638324200282e+00
2.343419874664279590e+00
2.339659803043867559e+00
2.335183527305281892e+00
2.333930170098478030e+00
2.331065353625783487e+00
2.337110991185465281e+00
2.355482933914306631e+00
2.353485838779956651e+00
2.350399419026869996e+00
2.348402323892520016e+00
2.342047930283224666e+00
2.337145969498910958e+00
2.334422657952069713e+00
2.348240469208211056e+00
