1.000000000000000000e+00
1.000000000000000000e+00
1.000000000000000000e+00
1.000000000000000000e+00
1.000000000000000000e+00
1.000000000000000000e+00
1.000000000000000056e-01
1.000000000000000056e-01
1.000000000000000056e-01
1.000000000000000056e-01
3.333333333333333148e-01
2.500000000000000000e-01
2.500000000000000000e-01
1.666666666666666574e-01
2.307692307692307820e-01
2.941176470588235392e-01
2.631578947368420907e-01
2.307692307692307820e-01
2.333333333333333370e-01
2.222222222222222099e-01
2.444444444444444364e-01
2.708333333333333148e-01
3.199999999999999512e-01
3.148148148148148251e-01
4.210526315789473450e-01
4.637681159420289911e-01
4.933333333333333459e-01
5.189873417721518889e-01
5.764705882352940680e-01
5.979381443298968923e-01
5.765765765765765716e-01
5.384615384615384359e-01
5.333333333333334370e-01
5.333333333333333259e-01
5.133689839572193048e-01
4.700460829493087744e-01
4.849785407725321629e-01
4.866920152091254725e-01
4.964028776978417490e-01
4.916943521594684396e-01
4.626865671641791078e-01
4.505494505494505586e-01
4.605263157894736725e-01
4.516908212560386549e-01
4.672686230248306871e-01
4.784482758620689502e-01
4.738955823293172775e-01
4.795321637426900874e-01
4.889298892988930278e-01
5.008818342151675207e-01
5.126050420168066779e-01
5.426229508196721563e-01
5.447530864197530631e-01
5.595930232558139483e-01
5.644257703081232425e-01
5.612648221343873312e-01
5.692503176620076211e-01
5.790784557907845409e-01
5.876777251184833739e-01
6.089965397923875479e-01
6.164229471316085007e-01
6.239224137931034253e-01
6.444444444444443754e-01
6.264822134387351138e-01
6.049270072992700698e-01
5.905579399141630548e-01
6.015037593984963182e-01
5.999999999999999778e-01
5.926204819277108848e-01
5.873579545454545858e-01
5.744966442953020058e-01
5.605775266792215605e-01
5.621653777513384576e-01
5.636467889908256534e-01
5.746556473829201872e-01
5.717310746426680357e-01
5.652173913043477826e-01
5.709376534118801860e-01
5.670874240299206281e-01
5.592396109637488566e-01
5.582089552238806984e-01
5.608947804473902732e-01
5.574803149606298858e-01
5.623565416985463195e-01
5.628698224852071164e-01
5.637464387464387050e-01
5.687022900763358813e-01
5.689943200801871326e-01
5.713355048859934948e-01
5.676516329704510699e-01
5.770978491366252072e-01
5.816296296296296076e-01
5.790984783232845379e-01
5.798109010011124331e-01
5.790326938665225631e-01
5.759791122715405276e-01
5.637181409295352053e-01
5.670254403131116394e-01
5.702975047984645274e-01
5.665966876603686364e-01
5.693148190302754763e-01
5.675854465270121496e-01
5.732154410178995629e-01
5.738432283963659231e-01
5.775201821569032612e-01
5.781471721062233504e-01
5.803642121931907871e-01
5.851043088321310481e-01
5.872744539411206555e-01
5.932203389830508211e-01
5.968595946686142684e-01
6.012214837434884940e-01
6.034330207043001604e-01
6.062239221140472978e-01
6.151072961373389436e-01
6.264445955132562638e-01
6.308129809300769830e-01
6.400397746105402907e-01
6.467498358502954403e-01
6.507169324955695000e-01
6.575931232091690726e-01
6.647807637906648637e-01
6.639508070714834620e-01
6.680241327300150411e-01
6.729027468448403049e-01
6.619074814391776584e-01
6.594293667362560729e-01
6.573094656902630506e-01
6.513495720868992533e-01
6.418592837185673750e-01
6.406423718344657070e-01
6.341346728860184356e-01
6.272189349112425871e-01
6.225628310605206828e-01
6.252901514314137543e-01
6.236640397279499259e-01
6.194783340344972578e-01
6.167984392648115932e-01
6.148066519735524427e-01
6.113447432762836309e-01
6.116848345764007711e-01
6.133884919142534864e-01
6.143869009290773286e-01
6.083728419357724571e-01
6.051223576879221078e-01
6.027667984189722938e-01
6.078414696376934767e-01
6.101865859808370818e-01
6.144418681682676242e-01
6.160474758149744323e-01
6.167425513219906286e-01
6.158254180076928597e-01
6.162358767992570652e-01
6.207187188721171589e-01
6.189440527973600892e-01
6.229690629868684937e-01
6.265359859566999035e-01
6.302496752778178335e-01
6.333095577746077343e-01
6.345356113337552451e-01
6.336839191807361882e-01
6.353576063938793927e-01
6.323824829248694268e-01
6.320686242164302859e-01
6.355451164611469750e-01
6.324480000000000102e-01
6.313070866141732296e-01
6.348928727590730237e-01
6.403198809745210829e-01
6.431286012014221232e-01
6.483442902361821192e-01
6.540766297439621901e-01
6.572423314724773480e-01
6.600189933523267216e-01
6.647890629583993460e-01
6.664538965937446546e-01
6.678135214175124901e-01
6.725245976227036682e-01
6.736408752537784705e-01
6.780184021543985695e-01
6.794054024072327946e-01
6.821896769239207403e-01
6.875204359673023902e-01
6.876549865229110159e-01
6.899311669601408958e-01
6.940491933350965148e-01
6.961641111518133140e-01
6.980448950036205469e-01
6.974657080210086013e-01
7.007483818770227080e-01
7.045853169631670632e-01
7.049804639200750733e-01
7.114202841551545697e-01
7.102173491170192809e-01
7.056417086861384025e-01
7.034621880277724948e-01
7.053932271101407414e-01
7.121009102250150935e-01
7.144232091296575105e-01
7.177760589653759959e-01
7.165237689096377594e-01
7.170740362862084716e-01
7.218472938996957078e-01
7.218511242086881330e-01
7.234474127141685695e-01
7.228612815269256364e-01
7.242179914728354984e-01
7.254599307496558680e-01
7.299780638218617002e-01
7.322682656371924947e-01
7.337138198124745214e-01
7.278974072150532493e-01
7.294611394860830433e-01
7.319831356633437203e-01
7.323027801573086526e-01
7.346315830145665471e-01
7.377565926039825195e-01
7.378329966843248933e-01
7.367528454058943632e-01
7.396000747523826524e-01
7.391819798458802993e-01
7.439384979302188228e-01
7.453832624945039287e-01
7.441195628573497034e-01
7.427742559363919028e-01
7.449164915779352691e-01
7.477949771527754308e-01
7.513283366761673854e-01
7.560180805213918553e-01
7.624925691506102554e-01
7.636893608161565705e-01
7.688047353664023698e-01
7.723795741161877393e-01
7.767127052841338308e-01
7.814660187529942625e-01
7.908853630057008921e-01
7.943175221118055074e-01
7.992234596914273848e-01
8.034089365747657530e-01
8.037043273278329236e-01
8.028469513618028408e-01
8.053831602004579704e-01
8.094891476971942668e-01
8.095222470140438498e-01
8.135349642355554911e-01
8.155510084770535295e-01
8.210096558874991901e-01
8.250371231196333976e-01
8.295260495537585266e-01
8.299744081893792869e-01
8.318350751246782471e-01
8.331442616751749686e-01
8.358269815877795716e-01
8.393604396977077942e-01
8.423063779552020236e-01
8.469520505513566944e-01
8.477645030176130803e-01
8.478127867849496457e-01
8.444881294420082396e-01
8.470478427121910237e-01
8.516037962518020477e-01
8.527453497745797195e-01
8.538516278242306301e-01
8.570796068360931885e-01
8.574110469038748183e-01
8.585955710955710529e-01
8.577135743855485162e-01
8.611768782121614896e-01
8.641889945260732286e-01
8.672690763052207652e-01
8.669597738887143690e-01
8.629303759866466805e-01
8.646627112448331820e-01
8.697336289892497740e-01
8.718808505882024162e-01
8.689237072306499332e-01
8.708024572325830936e-01
8.713761166219105014e-01
8.734180667684923183e-01
8.744473677072879259e-01
8.727938011192423184e-01
8.729207894314595650e-01
8.746205868257096450e-01
8.756160898828765360e-01
8.755631669081805901e-01
8.772312053758924977e-01
8.780264841852325475e-01
8.771597079685103937e-01
8.797473269992491796e-01
8.811695002575992142e-01
8.829145599671484046e-01
8.856579722016023615e-01
8.863086598935654425e-01
8.884405532292855012e-01
8.888383953141962834e-01
8.918585629797407544e-01
8.942085717153468449e-01
8.964714131877489223e-01
8.999649964996500051e-01
9.019104150039904955e-01
9.063574311195257138e-01
9.067304830869953314e-01
9.054995936260867850e-01
9.070184049079754729e-01
9.056580775700251440e-01
9.062454470399688988e-01
9.116376171287079444e-01
9.125638109984758328e-01
9.148638207456055715e-01
9.169415220165154645e-01
9.192904869489977315e-01
9.218480551829854042e-01
9.193882162650744982e-01
9.227481061055831102e-01
9.212247114090791333e-01
9.241913826002968735e-01
9.251972201352366421e-01
9.261934820217889719e-01
9.281749918380670650e-01
9.298143446155279213e-01
9.315842067346795652e-01
9.290799815071659751e-01
9.314148570373618208e-01
9.333594397862342573e-01
9.352443565813065574e-01
9.399903321593811034e-01
9.460313797877251130e-01
9.455643309762146176e-01
9.447491088565945772e-01
9.425141274992624441e-01
9.472776378202945047e-01
9.480137544113654835e-01
9.485698818009563604e-01
9.500483983522050035e-01
9.500112233445566767e-01
9.548919520586450771e-01
9.534082262901133475e-01
9.557883919395915306e-01
9.570256776034237189e-01
9.568239866740699817e-01
9.544420643508602087e-01
9.531092067677432444e-01
9.535153852897342297e-01
9.562352219984237012e-01
9.545998911268371856e-01
9.526522125235548089e-01
9.546063724006744744e-01
9.561692861608779292e-01
9.576482740810879912e-01
9.626846389044400043e-01
9.630297178414333192e-01
9.642038516741286980e-01
9.673503468356599022e-01
9.691807208286961073e-01
9.722245998459300154e-01
9.732041900454418970e-01
9.756160000000000387e-01
9.744341105023994754e-01
9.759120376255243645e-01
9.762176560121765823e-01
9.769268117624706482e-01
9.808545708127297535e-01
9.821289165523788833e-01
9.826581079659055806e-01
9.835597455224975860e-01
9.831684413515553445e-01
9.807784618595429826e-01
9.814213789372946417e-01
9.839132061354284309e-01
9.876011566706193179e-01
9.889320348028324270e-01
9.898191921705233876e-01
9.890266584004958617e-01
9.925278910438184443e-01
9.904883735325066274e-01
9.861982691440055460e-01
9.857812148366373872e-01
9.866900747152247408e-01
9.880898968062976628e-01
9.875593020177958481e-01
9.914350388482167098e-01
9.899262749558258578e-01
9.899487304192756687e-01
9.894027949117237819e-01
9.889014448300911253e-01
9.906025651367266205e-01
9.887529874876984648e-01
9.858814601805255817e-01
9.888414244650270968e-01
9.899936214319886574e-01
9.915129298322508111e-01
9.966608681742746834e-01
9.979816953758842146e-01
9.985634190626310192e-01
9.996214611599227862e-01
9.973037806546262152e-01
9.967390015415629190e-01
1.000911811928878681e+00
9.990722463482037963e-01
1.001382279180900836e+00
1.000966164524015989e+00
1.003156005286308883e+00
1.011560923284732461e+00
1.014094306615776153e+00
1.014103505048301157e+00
1.016012540180165846e+00
1.016931678496371783e+00
1.018729560994946048e+00
1.021022389538339681e+00
1.023144753789755113e+00
1.025553527497817807e+00
1.025598384510304717e+00
1.022916707718378726e+00
1.023198614773129789e+00
1.023322526770802599e+00
1.023074359426767943e+00
1.024598029807485267e+00
1.024200957873130813e+00
1.024242069073292738e+00
1.025181890884974800e+00
1.025334449788717350e+00
1.025966183574879231e+00
1.023627397685796359e+00
1.025070882044510023e+00
1.024330711712060804e+00
1.025831831482665546e+00
1.029557415571048518e+00
1.029597734590170344e+00
1.028557589847912457e+00
1.031298449612403134e+00
1.033403813699055318e+00
1.033905862282878507e+00
1.032589786214095140e+00
1.034496086578413410e+00
1.038846802162245897e+00
1.038480131489896596e+00
1.039176652493235320e+00
1.038679791546033515e+00
1.038824844816285564e+00
1.038026108051908203e+00
1.036848890684831437e+00
1.042285052590948613e+00
1.043203799154456490e+00
1.044774679146965202e+00
1.049410215189137796e+00
1.050099696072168243e+00
1.049553726672076026e+00
1.049177482498601766e+00
1.050844187168354926e+00
1.050167675288131708e+00
1.051000346941135755e+00
1.053365746368003730e+00
1.057947148171109797e+00
1.059639873626267104e+00
1.060145713842814974e+00
1.059994577636624191e+00
1.060158822390083300e+00
1.060022058396702826e+00
1.061267960187444404e+00
1.065206425578146820e+00
1.064605490013754041e+00
1.065235918493840694e+00
1.065127798308921792e+00
1.068579182012018070e+00
1.068100358422938934e+00
1.068249487645489548e+00
1.070237219921829741e+00
1.072064401269448020e+00
1.070219459939392825e+00
1.071319566519211008e+00
1.070556230827111266e+00
1.072148428450073299e+00
1.071676635153385959e+00
1.073918757005372537e+00
1.074745405708322776e+00
1.074755162355850002e+00
1.074865793843895911e+00
1.076652561204181291e+00
1.080154299449484379e+00
1.079825750242013660e+00
1.084099077221952312e+00
1.086221322799711952e+00
1.085698169723610773e+00
1.086012721013012827e+00
1.086303903436191876e+00
1.084839191785873735e+00
1.087110247693054976e+00
1.088738064215009294e+00
1.089040563139268114e+00
1.092422558824102774e+00
1.094804028732042411e+00
1.096745822339489695e+00
1.097027306618780784e+00
1.097274289284598581e+00
1.095859971932013011e+00
1.098744214206198944e+00
1.101326239192519818e+00
1.100819463730417835e+00
1.105200133487760361e+00
1.107633287428683833e+00
1.106007622490275288e+00
1.106066259500009696e+00
1.105725228321712716e+00
1.102222222222222214e+00
1.102116329607079281e+00
1.104813695080293812e+00
1.106253806707664600e+00
1.104686548995739592e+00
1.104152364513661500e+00
1.104123347326297688e+00
1.105081352672175221e+00
1.112787299581391665e+00
1.110585452395032702e+00
1.113702854431880995e+00
1.112662979059660273e+00
1.113740608936338417e+00
1.114224137931034475e+00
1.115582462804685093e+00
1.113720764854614353e+00
1.113726960571496338e+00
1.114836695580012194e+00
1.113189675586076177e+00
1.114414396618137904e+00
1.116701634931317244e+00
1.115723245553291276e+00
1.118585229414215343e+00
1.118807757902669398e+00
1.120521884184605632e+00
1.124153184028054309e+00
1.126327557294577897e+00
1.131814173480840235e+00
1.131217185683940585e+00
1.132359726373648456e+00
1.132113698822491132e+00
1.131295108259823490e+00
1.134421353057040616e+00
1.138503708481135135e+00
1.137314514667686849e+00
1.137460713997904715e+00
1.137704521641009103e+00
1.139728294878782355e+00
1.139030637971721882e+00
1.139240761658867118e+00
1.138241044971678662e+00
1.140159767610747998e+00
1.141881240147136101e+00
1.140630992511253217e+00
1.144167865027444053e+00
1.143276511317164124e+00
1.144298565523948596e+00
1.142059590994599194e+00
1.145416911869153065e+00
1.143363512993457620e+00
1.141680161943319893e+00
1.141326582278481050e+00
1.146172307191669404e+00
1.145407592671668695e+00
1.146418968467367350e+00
1.148204845590186318e+00
1.150145117115644045e+00
1.150553897723092023e+00
1.150786668576222027e+00
1.147940954286530868e+00
1.149121013900245458e+00
1.148356251149295959e+00
1.148245058157362219e+00
1.146241746560641150e+00
1.146261634448194844e+00
1.145750230131942216e+00
1.145722581172814225e+00
1.147479584945048092e+00
1.147897129284573436e+00
1.153384077350339432e+00
1.152046543181958427e+00
1.154207339676263544e+00
1.158086183734628571e+00
1.155722829449371103e+00
1.153855662456993336e+00
1.155017643781340864e+00
1.155934865266986300e+00
1.157316164292812255e+00
1.156887913543952706e+00
1.159065928368485432e+00
1.160328794420458332e+00
1.161552365321089519e+00
1.160513576963829285e+00
1.158532788076308329e+00
1.156906626880517042e+00
1.157765882401759372e+00
1.158774315431086332e+00
1.157591101519050314e+00
1.158640756520835424e+00
1.159810324029782569e+00
1.160413460338588276e+00
1.159738964169922726e+00
1.157966861841285500e+00
1.161190238214226289e+00
1.162667556130000834e+00
1.159701989511362719e+00
1.156124716977212641e+00
1.156374067222349256e+00
1.157442648863376444e+00
1.154715648180854703e+00
1.155261022450635666e+00
1.156817376440914646e+00
1.156362044525973465e+00
1.153179792595060427e+00
1.155725732409648598e+00
1.154642186522011338e+00
1.157580955568571657e+00
1.156510100798862295e+00
1.157094700697221645e+00
1.162194018227358017e+00
1.159497981836528746e+00
1.158767872161480250e+00
1.158804965285083144e+00
1.162070929766450877e+00
1.160120591149621516e+00
1.163580573484287450e+00
1.170448739782016467e+00
1.170702075962317235e+00
1.170028572647020981e+00
1.169169808909056085e+00
1.169447463189072778e+00
1.168338764990308309e+00
1.167856153731438695e+00
1.171463982733935927e+00
1.171540419706077474e+00
1.174939883201648883e+00
1.173125174240312374e+00
1.172345806009172264e+00
1.171674555072494961e+00
1.174472841390280076e+00
1.175543127554312894e+00
1.175841439270035149e+00
1.176890249159410207e+00
1.175673346261581598e+00
1.174069369388765605e+00
1.172061292127577259e+00
1.172018941024537186e+00
1.171964789187095235e+00
1.171907982595959075e+00
1.173728996587620310e+00
1.173597616271537802e+00
1.174436968608701282e+00
1.174062689410338534e+00
1.173146405313602036e+00
1.171824650187071493e+00
1.173034437946718578e+00
1.177193440341032682e+00
1.176627952499021301e+00
1.176114989018635759e+00
1.180707114797031831e+00
1.178752917057424909e+00
1.178559748839034693e+00
1.177570908456691878e+00
1.184980479887704385e+00
1.188570799383395826e+00
1.188734132581100278e+00
1.193046518833267067e+00
1.193318268421285966e+00
1.193083892691787939e+00
1.193419652358992611e+00
1.193844720083431232e+00
1.192727272727272636e+00
1.192831779849089946e+00
1.192269287949053513e+00
1.191670179954290365e+00
1.193641618497109924e+00
1.191988980961055766e+00
1.191774430075989821e+00
1.191601983853390445e+00
1.192654624824606380e+00
1.192075547339584318e+00
1.192801712603692721e+00
1.195475274970938084e+00
1.190683160592889811e+00
1.188664111932982825e+00
1.192989524576953952e+00
1.193986681912961645e+00
1.196918578497525809e+00
1.195209634656001496e+00
1.195086867597150215e+00
1.201102550778337497e+00
1.199304881626757524e+00
1.199873526356204145e+00
1.201434616341954698e+00
1.201730346748805411e+00
1.202111750577785854e+00
1.201114408027361913e+00
1.200978948084026499e+00
1.201575017588452976e+00
1.203138860457181991e+00
1.204114176367405475e+00
1.208103720302746265e+00
1.206568692432518963e+00
1.208237881425822335e+00
1.207642261522954064e+00
1.207483149158604219e+00
1.203895271662013045e+00
1.207816091954023063e+00
1.207365009309702808e+00
1.207816705389800127e+00
1.206441830545855520e+00
1.205127616072043883e+00
1.206472700487984495e+00
1.208020107918645891e+00
1.209653928843886561e+00
1.206430170563389970e+00
1.205574027893229871e+00
1.204466719017044607e+00
1.202764445264906890e+00
1.204981729034645621e+00
1.203991028279418174e+00
1.206356197408377628e+00
1.208160040893143439e+00
1.210906380302359642e+00
1.213064199607513327e+00
1.210908666199486117e+00
1.212417536143732599e+00
1.214548694979246335e+00
1.214263922461336298e+00
1.213278261481776976e+00
1.211763878469617417e+00
1.213772201860727540e+00
1.211449503369572911e+00
1.213256755484417582e+00
1.212266151453748497e+00
1.213184061975955963e+00
1.213873379388662910e+00
1.213639164020662520e+00
1.213806032130229529e+00
1.214006027670329058e+00
1.212590201291302572e+00
1.209896154393285572e+00
1.212498810995909837e+00
1.212956352039602059e+00
1.211091021553980074e+00
1.214178302900107198e+00
1.214417214584578630e+00
1.217487282848642050e+00
1.216481485925463790e+00
1.217123912939028330e+00
1.218028290993071527e+00
1.218320206180600884e+00
1.217104471143428013e+00
1.216957726123087946e+00
1.217068466730954590e+00
1.220087589827965946e+00
1.223751608282960701e+00
1.227135482614200912e+00
1.229669631512070982e+00
1.229468126710989484e+00
1.230044766261405575e+00
1.233683641899523842e+00
1.233578256702626996e+00
1.232003341359146908e+00
1.236595240446331401e+00
1.237210567979418085e+00
1.240782580629143039e+00
1.242966688243788198e+00
1.244946848330588329e+00
1.248341967615186343e+00
1.248177376925967641e+00
1.246968937875751582e+00
1.251566471224741628e+00
1.253848483319032869e+00
1.254243710215216856e+00
1.253761157045690133e+00
1.256364097363082966e+00
1.257454157565906394e+00
1.258109655260144955e+00
1.258591262259584731e+00
1.259654406697465534e+00
1.257394940840473208e+00
1.252947753608457226e+00
1.256909035284519582e+00
1.258024155452850845e+00
1.262140898490556440e+00
1.264646153055191347e+00
1.264345633266429791e+00
1.272220926918991690e+00
1.272385447190311991e+00
1.275791172184051803e+00
1.279832810867293613e+00
1.280924462126367791e+00
1.277905578501594475e+00
1.275438779774341835e+00
1.274793604347371767e+00
1.273643269205669615e+00
1.271130711620260367e+00
1.269840027140582972e+00
1.272996410699782421e+00
1.274611262870350981e+00
1.274517019319227007e+00
1.275419597923747705e+00
1.273356856962291728e+00
1.276494044946787421e+00
1.282025423953716770e+00
1.282446398682217881e+00
1.280871992556161132e+00
1.281787673786821458e+00
1.286027778521155129e+00
1.288032835260348286e+00
1.289112263821323934e+00
1.292907782300455555e+00
1.296001946314167652e+00
1.297804283003524128e+00
1.299236972873163865e+00
1.297291429191771428e+00
1.296397839246451023e+00
1.293293211884623872e+00
1.298463131505803947e+00
1.307347891773108062e+00
1.311054763939034640e+00
1.313780801460217473e+00
1.312033195020746890e+00
1.313215602561614626e+00
1.317322133837681486e+00
1.319216605289588173e+00
1.317265043099841160e+00
1.314704407421853238e+00
1.314349463115325634e+00
1.316213044207231952e+00
1.318784514899223215e+00
1.320016868147315225e+00
1.322350418911675929e+00
1.327050086453697597e+00
1.325341495210565324e+00
1.327260842380492134e+00
1.325734750724802513e+00
1.326494607745496879e+00
1.326475365457498778e+00
1.325588688066594578e+00
1.323081746665146774e+00
1.321674933014081121e+00
1.320135682116184928e+00
1.319174411311933470e+00
1.317945939781022036e+00
1.313454089769879429e+00
1.312669154724936504e+00
1.313338662707702831e+00
1.313737269710493205e+00
1.314940747754727246e+00
1.315936197729558943e+00
1.315146462759076762e+00
1.316698379749754899e+00
1.318403791140520642e+00
1.319175388885676314e+00
1.324885931006422490e+00
1.328840262582057008e+00
1.327368267406218161e+00
1.326192908215380273e+00
1.324972259533960139e+00
1.325869991512277801e+00
1.327903495641454601e+00
1.330939063879894135e+00
1.328672357962908501e+00
1.327494848395643245e+00
1.326258463350014738e+00
1.329452783358941126e+00
1.328915448790012555e+00
1.334611269614836226e+00
1.333164963156643790e+00
1.331402085747392716e+00
1.335719612229679276e+00
1.337109550141981851e+00
1.336653505623354610e+00
1.341412867183276347e+00
1.340663638278030145e+00
1.338316688725785131e+00
1.341514218438688566e+00
1.342274775455892577e+00
1.339012748474412540e+00
1.349511897498474777e+00
1.352739516375879969e+00
1.354378007294124941e+00
1.353529465901770035e+00
1.356125180785918705e+00
1.356359716661533765e+00
1.353930507639231173e+00
1.355182314983482073e+00
1.357348435614149196e+00
1.354878614504406942e+00
1.353241370778176522e+00
1.348510572619231462e+00
1.348804848634775233e+00
1.348383897858626002e+00
1.345356037151702600e+00
1.345451727878506087e+00
1.351256265761698661e+00
1.353698150924537602e+00
1.358335949764521100e+00
1.362180901355184215e+00
1.361154888734791735e+00
1.360209292063291997e+00
1.362068420886375808e+00
1.360046751113497931e+00
1.360323886639676072e+00
1.357519663897400308e+00
1.359920207713254392e+00
1.361229284399009476e+00
1.363494440373403060e+00
1.362220027399879019e+00
1.362221797079268049e+00
1.361565700066992068e+00
1.358686643289767293e+00
1.363831491270222518e+00
1.360964364614350330e+00
1.360003842090097059e+00
1.361932274113304642e+00
1.360680468624618777e+00
1.360443444730077278e+00
1.363296724532190973e+00
1.367921779389386971e+00
1.371353388343837354e+00
1.371751926891931594e+00
1.369507951478097008e+00
1.369896047186104804e+00
1.367973408935379886e+00
1.368318058771729406e+00
1.369896623920439760e+00
1.369440529645046034e+00
1.368077641889898111e+00
1.370315533181982515e+00
1.372033926273060311e+00
1.370550161812297718e+00
1.366815108032327197e+00
1.366140952883726944e+00
1.366826525549859506e+00
1.364808996196461122e+00
1.363088736636547171e+00
1.361761297798377957e+00
1.359782932398001298e+00
1.361031993111214256e+00
1.360057004606767705e+00
1.356775925496304769e+00
1.355715374672720630e+00
1.354555397209425527e+00
1.352467437775494608e+00
1.353773584905660465e+00
1.351246261216350941e+00
1.353317346123101617e+00
1.353404539385847816e+00
1.360292637089737466e+00
1.359066487575554039e+00
1.359197819576701827e+00
1.363013004560040597e+00
1.370833900149639462e+00
1.373690853887353791e+00
1.378829415393050706e+00
1.378212596806250412e+00
1.376784243755146964e+00
1.377055935171513923e+00
1.380640490882140137e+00
1.378365334896066718e+00
1.382307133215658013e+00
1.387730232234253513e+00
1.386290013584590364e+00
1.386763473889974785e+00
1.388700367325520491e+00
1.388517416418694195e+00
1.386767022580080555e+00
1.385086644495011399e+00
1.392175505317275963e+00
1.390743871513102192e+00
1.391861367967812457e+00
1.390410958904109595e+00
1.387014820042343111e+00
1.385833451152269191e+00
1.384879117771808277e+00
1.383261468862656329e+00
1.388488186178717498e+00
1.386499360159249239e+00
1.383547046495932964e+00
1.388163527397260344e+00
1.388085805046935794e+00
1.389860827877356764e+00
1.388680190333082987e+00
1.383371412251892085e+00
1.388075238710603898e+00
1.386054360705180954e+00
1.387114180876322100e+00
1.387100263186357596e+00
1.392131979695431454e+00
1.388006224892331053e+00
1.394207328166502835e+00
1.392206091038096227e+00
1.391441982316340864e+00
1.393229736630918314e+00
1.389965045150014511e+00
1.394772436483275424e+00
1.390471674023273652e+00
1.392474102273143277e+00
1.394535840188014353e+00
1.394321650546136659e+00
1.391887916452158702e+00
1.392368266117162134e+00
1.393028226103618428e+00
1.392355089842452820e+00
1.389366490794377240e+00
1.393035747360622301e+00
1.389201391458811496e+00
1.389152693277934336e+00
1.389623903671770577e+00
1.388870289774206901e+00
1.388010270531760515e+00
1.386945519499851009e+00
1.385159273593331353e+00
1.386328868325808816e+00
1.389065718030331631e+00
1.393833295685565909e+00
1.399999999999999911e+00
1.398712365082370734e+00
1.404020406609304716e+00
1.401583796543059313e+00
1.404455313132856764e+00
1.405560661764705843e+00
1.407019160618976361e+00
1.408790024630541815e+00
1.410906001390283437e+00
1.414648346530041900e+00
1.411372275230781126e+00
1.411622934888240977e+00
1.412539453688189228e+00
1.416901518709879459e+00
1.415928509837736105e+00
1.417445605215615467e+00
1.416361848574237969e+00
1.414224460092049718e+00
1.411262731526996772e+00
1.410682632843581308e+00
1.415660504334745440e+00
1.413879102173310587e+00
1.416640190627482143e+00
1.416756133444669885e+00
1.414489641735257708e+00
1.416513834622438406e+00
1.415437365441352346e+00
1.414532982372178394e+00
1.414312542454149391e+00
1.419400225116578262e+00
1.416787264833574422e+00
1.417814286864782281e+00
1.419080274304155065e+00
1.416868442292171126e+00
1.418704453441295366e+00
1.423259976406459737e+00
1.425109143579909476e+00
1.422838499184339467e+00
1.424643542917841232e+00
1.429797191887675289e+00
1.434553247609627435e+00
1.430670453142363296e+00
1.433961484420199994e+00
1.440038242507378330e+00
1.439645487454749739e+00
1.441294196130753935e+00
1.443096741812706529e+00
1.439792546739721679e+00
1.445344979632973370e+00
1.443903053723694985e+00
1.445131700748969239e+00
1.448489968321013510e+00
1.449102303523035262e+00
1.447100712105798603e+00
1.445406322936558574e+00
1.451275706118269282e+00
1.457095072687508042e+00
1.455637034178138167e+00
1.456083111530866336e+00
1.457852591699672740e+00
1.461010362694300513e+00
1.460949993516877488e+00
1.460579296012469275e+00
1.459265037268157483e+00
1.456448257930317292e+00
1.454841369732216672e+00
1.459431163845751112e+00
1.459815373846086617e+00
1.458196613728835800e+00
1.456092758696127865e+00
1.459249506254114648e+00
1.455143671857863419e+00
1.460185185185185253e+00
1.457495590828924437e+00
1.458195162930538968e+00
1.459612743143249736e+00
1.456466835039213148e+00
1.454738801010235338e+00
1.456293007769145387e+00
1.458381554348793907e+00
1.455985758789497098e+00
1.453182020471740055e+00
1.448420115709835310e+00
1.446674975518561501e+00
1.443292085818570492e+00
1.443264468341439288e+00
1.439746677370439709e+00
1.442153749832297382e+00
1.439559948123966038e+00
1.437145029292070886e+00
1.438903078370748823e+00
1.436788308078543963e+00
1.448232209060493769e+00
1.457671957671957674e+00
1.456859971711456980e+00
1.454898024364648546e+00
1.453898119408435274e+00
1.452756983750228326e+00
1.458371538602603934e+00
1.458530316243631386e+00
1.456923853674209290e+00
1.455684582549226613e+00
1.454674806077018268e+00
1.454223408170776555e+00
1.459219530238579532e+00
1.466517753269114266e+00
1.463027595513983981e+00
1.463646532438478864e+00
1.462424779586696033e+00
1.460784313725490113e+00
1.465878711129871892e+00
1.465420911779895974e+00
1.466704342092870039e+00
1.466333223234086658e+00
1.465838215838215941e+00
1.462294462294462472e+00
1.464383951436972309e+00
1.470546182442093119e+00
1.469402344867028809e+00
1.469962811099456479e+00
1.473802574285850930e+00
1.472127853007320963e+00
1.480017355252374323e+00
1.477170821079022200e+00
1.475772624270768052e+00
1.474915581283164689e+00
1.475674630041590163e+00
1.475145348837209269e+00
1.473449612403100906e+00
1.472312545498665415e+00
1.473794345223611746e+00
1.478769200665297046e+00
1.479582843713278306e+00
1.478177810433504824e+00
1.477152382820160703e+00
1.481364777706661418e+00
1.479942834614626390e+00
1.479095710548398168e+00
1.479902979902979920e+00
1.481095564155999078e+00
1.479011610598392590e+00
1.477374218517415905e+00
1.474099434355462979e+00
1.472612603664895659e+00
1.474325803562543502e+00
1.475395123896894090e+00
1.474048960462681412e+00
1.476450272786425710e+00
1.480257208881744058e+00
1.477946347834823815e+00
1.477244153884837763e+00
1.479830576845502232e+00
1.481674333956827239e+00
1.479348870127900506e+00
1.479927099681060954e+00
1.477908801052684851e+00
1.483744594250826943e+00
1.488766057628333028e+00
1.487179487179487225e+00
1.488200287297352764e+00
1.494450467193227050e+00
1.490888441484693683e+00
1.488969258589511790e+00
1.490862024333419633e+00
1.490238836967808789e+00
1.488161993769470559e+00
1.486967808930425905e+00
1.488268040164403505e+00
1.487395833333333472e+00
1.485572916666666687e+00
1.484535544776508731e+00
1.484431231419183206e+00
1.483638640989509705e+00
1.483695652173913082e+00
1.481553093645485042e+00
1.481338009736690609e+00
1.483623766533697319e+00
1.482222572343889766e+00
1.483862475648923374e+00
1.480440162165008289e+00
1.477436680532883795e+00
1.480949109549225984e+00
1.479456401036433721e+00
1.486276595744680851e+00
1.485440511046047574e+00
1.485842265237562021e+00
1.484740155799807892e+00
1.484203773988346686e+00
1.483131048494893856e+00
1.492705248990578770e+00
1.496542409508373916e+00
1.494813614262560764e+00
1.501983803467579870e+00
1.499809772270232155e+00
1.499048861351160555e+00
1.497907494972553044e+00
1.494219810040705587e+00
1.495377922784121738e+00
1.493583469276780873e+00
1.510080423047262421e+00
1.512629193610788514e+00
1.509368263969490753e+00
1.506549494279555645e+00
1.503758982863460769e+00
1.500939745715865303e+00
1.509667353875299378e+00
1.506992812169164697e+00
1.503203878085473733e+00
1.506319203668493589e+00
1.506503700381251365e+00
1.517990495587236977e+00
1.515619694397283279e+00
1.518657352189469956e+00
1.518101733447001944e+00
1.513349583356952355e+00
1.511397142209117916e+00
1.506917668405534094e+00
1.506962996646393327e+00
1.505428295344739320e+00
1.502699937475131975e+00
1.503936109526525788e+00
1.503194523673702099e+00
1.501911773098213887e+00
1.499514923243736808e+00
1.497688751926040007e+00
1.492381441533983999e+00
1.489927523825828937e+00
1.488272556069166308e+00
1.485305027677909173e+00
1.489406779661016866e+00
1.486085661933119528e+00
1.489223518593022488e+00
1.486982010460371040e+00
1.486965529147723952e+00
1.485411751165333527e+00
1.489139225880993900e+00
1.488233593524139975e+00
1.486603784503211623e+00
1.485967247265783220e+00
1.487518866829211639e+00
1.483977708115638894e+00
1.480610704748635653e+00
1.481302704274498616e+00
1.485200537100823448e+00
1.489284459538587679e+00
1.487176484365850815e+00
1.486221857410881642e+00
1.489173923276064793e+00
1.486349729348081850e+00
1.483466698046599141e+00
1.482172275829606978e+00
1.485623191828540968e+00
1.488069157439753765e+00
1.490311459819305906e+00
1.499760392955552968e+00
1.508748642452033550e+00
1.507240255822372532e+00
1.504464824423796365e+00
1.518324288066345451e+00
1.516944495328814924e+00
1.515723270440251680e+00
1.514135678085119396e+00
1.511143677108139460e+00
1.513132921080021953e+00
1.523156724712856569e+00
1.523582569943055187e+00
1.521787571180985399e+00
1.517949987620698105e+00
1.525663386072007244e+00
1.522798056559113045e+00
1.524731451411441618e+00
1.530002510670348759e+00
1.527397260273972490e+00
1.528218694885361328e+00
1.532975023711666385e+00
1.542405305445733843e+00
1.540300982017599685e+00
1.538387960719295844e+00
1.535582196148450373e+00
1.534434383369468025e+00
1.533286570590485898e+00
1.536819227818972067e+00
1.546672679250144844e+00
1.560870698644421184e+00
1.558980709071950077e+00
1.557090719499478526e+00
1.555439671468613616e+00
1.560204282066391723e+00
1.569092827004219703e+00
1.575518589701106809e+00
1.579728470650871852e+00
1.586649722426593412e+00
1.589994635193132888e+00
1.588487857238695788e+00
1.586743593183952639e+00
1.590774210952252687e+00
1.588616131642837992e+00
1.586997572160776970e+00
1.584906932829781567e+00
1.581265173995144435e+00
1.577286215268411063e+00
1.576964623278422906e+00
1.581507360423309194e+00
1.586940222207075202e+00
1.587692938123207220e+00
1.586668487911487402e+00
1.586122114465237098e+00
1.581090312884273930e+00
1.579382429293619383e+00
1.577469599672086442e+00
1.580123372172721030e+00
1.582851239669421428e+00
1.580865132938421347e+00
1.576870092299214710e+00
1.581350304371887061e+00
1.592212685786058346e+00
1.598443416070677303e+00
1.596410040667508135e+00
1.593955966905062249e+00
1.600112723686064609e+00
1.598210511483725504e+00
1.596871917711708999e+00
1.596308299281386622e+00
1.596515974328231779e+00
1.603051809794180160e+00
1.600425833924769448e+00
1.614143297712113734e+00
1.618119018493199945e+00
1.613225876088364430e+00
1.617791588379823731e+00
1.618320057929037104e+00
1.618864362474585983e+00
1.617702584954981093e+00
1.616903862910252787e+00
1.625484319029168789e+00
1.629461007490086821e+00
1.627698634160669844e+00
1.635469801138463630e+00
1.641200951248513729e+00
1.642963625521764781e+00
1.640802027429934418e+00
1.639973132323307770e+00
1.637211732218822435e+00
1.642841071026775790e+00
1.646886060697341669e+00
1.642744182543866449e+00
1.642210827929422523e+00
1.640099532498868973e+00
1.641826014662534972e+00
1.643571861734384409e+00
1.645548465512002512e+00
1.637872243691747887e+00
1.633780404637417583e+00
1.633757961783439461e+00
1.631255686988171139e+00
1.639777150270930406e+00
1.640079456031782401e+00
1.637176254870502001e+00
1.637184391736801858e+00
1.651840965346534462e+00
1.657726990049751103e+00
1.654539800995024956e+00
1.654695273631840768e+00
1.652207711442785998e+00
1.649098258706467535e+00
1.653015055776581699e+00
1.665827366433236145e+00
1.673019136485845326e+00
1.671991143444567562e+00
1.670804997627708399e+00
1.668274553218409118e+00
1.672704162694629737e+00
1.670241499841118360e+00
1.668524120362999463e+00
1.664066231491800663e+00
1.664514071593717670e+00
1.661723670573228118e+00
1.659092721039623575e+00
1.660968205783671658e+00
1.657772807157692929e+00
1.666345149103769741e+00
1.665030970959697765e+00
1.668496246670433170e+00
1.665051679586563305e+00
1.663355943152454941e+00
1.661175710594315458e+00
1.657864987080103436e+00
1.655119509043927906e+00
1.652616279069767602e+00
1.641198682413433030e+00
1.643150850600660906e+00
1.646254651350914200e+00
1.647435897435897578e+00
1.645731905225576330e+00
1.655144234698046946e+00
1.654289686758812383e+00
1.652899321174449820e+00
1.647992148523758971e+00
1.659330695680844014e+00
1.658424002637652439e+00
1.670211882010801840e+00
1.672665167041573087e+00
1.679022675926700847e+00
1.677516525813739445e+00
1.681852567874253968e+00
1.679919307388417327e+00
1.676977389257796158e+00
1.684562056137977493e+00
1.688926601612219081e+00
1.712377176348905294e+00
1.715214001039681024e+00
1.729859894921191188e+00
1.747628756315929621e+00
1.746476376207783066e+00
1.752451417364949027e+00
1.753104064314426225e+00
1.765691130121566754e+00
1.758738431125887347e+00
1.756851469134693033e+00
1.754964507143498942e+00
1.758188216186952868e+00
1.754488856807723485e+00
1.751060182261120479e+00
1.748082649102228325e+00
1.744202833167914690e+00
1.741856897951817862e+00
1.739059821348010182e+00
1.737616168907335501e+00
1.733736352973021644e+00
1.740744101633393770e+00
1.741124126032870256e+00
1.749725977347460715e+00
1.748173182316404839e+00
1.745706978443551494e+00
1.744702228717573966e+00
1.742053343076360949e+00
1.740043843624406561e+00
1.740287046347929190e+00
1.737270317213639226e+00
1.746644603787460781e+00
1.750230414746543728e+00
1.746912442396313159e+00
1.750832100591716012e+00
1.745562130177515048e+00
1.748516320474777563e+00
1.747218100890207682e+00
1.744992581602373916e+00
1.742303412462907986e+00
1.744890375325158116e+00
1.741824600520252675e+00
1.739037532515793405e+00
1.738197026022304748e+00
1.734944237918215615e+00
1.753386004514672525e+00
1.751504890895409838e+00
1.764075829383886074e+00
1.776016803513461806e+00
1.773916364330723416e+00
1.778661809815950789e+00
1.776648773006134663e+00
1.774695209753287983e+00
1.793997668997669104e+00
1.790015540015539974e+00
1.795412396290873458e+00
1.801098469988230422e+00
1.811932042670881149e+00
1.831266253250650067e+00
1.828765753150630280e+00
1.825965193038607826e+00
1.823864772954591151e+00
1.821764352870574255e+00
1.825956037338151150e+00
1.841892028765319544e+00
1.865843621399176921e+00
1.863888888888889150e+00
1.860905349794238717e+00
1.873328495905463020e+00
1.869907743339898509e+00
1.883791409760685598e+00
1.879715748772076589e+00
1.876998641446337324e+00
1.874699550632250133e+00
1.870832897899467273e+00
1.869996864876162679e+00
1.866910611604809311e+00
1.864087820177731114e+00
1.861787767903815949e+00
1.860010454783063372e+00
1.857605854678515245e+00
1.854783063251437492e+00
1.860822033007463183e+00
1.870759801331501881e+00
1.869386029800274907e+00
1.865159040473422847e+00
1.863573919475853602e+00
1.859983079526226435e+00
1.857868020304568324e+00
1.857233502538071068e+00
1.854695431472081157e+00
1.851417089678510930e+00
1.849513536379018497e+00
1.868142444658325241e+00
1.865148112501336941e+00
1.863757886857020596e+00
1.882792207792207684e+00
1.878787878787878896e+00
1.874891774891774832e+00
1.872294372294372344e+00
1.869913419913420194e+00
1.868290043290043334e+00
1.863961038961038819e+00
1.862121212121212066e+00
1.859307359307359464e+00
1.871579635887931747e+00
1.877450443543970948e+00
1.874274449676924803e+00
1.872478070175438436e+00
1.865679824561403466e+00
1.861732456140350989e+00
1.868606701940034975e+00
1.874321780533717119e+00
1.874099523440097670e+00
1.889733840304182344e+00
1.885036904495638543e+00
1.881234623126817329e+00
1.880899127711921359e+00
1.879445314247372156e+00
1.877656005367926539e+00
1.875195705658689427e+00
1.873853723999105325e+00
1.869715947215388141e+00
1.869380451800492171e+00
1.869044956385595757e+00
1.866137329456497351e+00
1.864459852382017280e+00
1.861664057257883975e+00
1.860322075598300096e+00
1.855960635204652043e+00
1.873474920921825548e+00
1.869295074559421455e+00
1.868391323994577524e+00
1.853195552061102980e+00
1.849938223070874965e+00
1.845669998876783069e+00
1.849515656679432185e+00
1.846136517233610830e+00
1.859239872553481776e+00
1.867445054945054528e+00
1.866071428571428381e+00
1.862065018315018250e+00
1.858173076923076872e+00
1.855883699633699591e+00
1.852793040293039928e+00
1.849015567765567747e+00
1.855647573038877507e+00
1.852426961122613402e+00
1.848861283643892461e+00
1.851373182552503938e+00
1.848142164781906072e+00
1.846642049388414364e+00
1.843526425109623945e+00
1.847080630213160157e+00
1.845690454124189195e+00
1.841867469879517882e+00
1.839898053753475260e+00
1.838160333642261168e+00
1.837001853568118515e+00
1.834105653382761547e+00
1.832599629286375986e+00
1.830282669138090679e+00
1.826112140871176681e+00
1.838121934127540102e+00
1.841124780316344411e+00
1.848138548539113746e+00
1.845428840716305308e+00
1.840834118755890536e+00
1.854055337845861517e+00
1.851680323002018680e+00
1.849067806673791781e+00
1.844911530697066926e+00
1.848398237465761706e+00
1.845182803382160452e+00
1.846732767889141202e+00
1.842312746386333799e+00
1.838370565045992056e+00
1.834547843746267004e+00
1.843104276790004770e+00
1.839500240269101417e+00
1.838058625660740075e+00
1.836496876501682030e+00
1.834334454589139796e+00
1.855578537534979811e+00
1.870563674321503500e+00
1.884953560371516845e+00
1.881238390092879076e+00
1.877770897832817143e+00
1.892219308105407727e+00
1.887348570001248893e+00
1.887223679280629396e+00
1.890854347007903558e+00
1.889348889725253944e+00
1.887090703801279412e+00
1.885083427424413260e+00
1.890205470818101308e+00
1.887054077902432736e+00
1.889872297382728661e+00
1.888185386855768311e+00
1.882866911485374439e+00
1.902510889059697785e+00
1.934751402844838930e+00
1.931358475792770646e+00
1.948103266596417305e+00
1.945864067439409872e+00
1.943756585879873544e+00
1.942966280295047588e+00
1.939014752370916694e+00
1.934404636459430948e+00
1.930321390937829396e+00
1.927291886195995785e+00
1.923998946259220411e+00
1.941865105760276711e+00
1.938007183716908166e+00
1.934548357057336521e+00
1.932951975522149590e+00
1.928561926300385698e+00
1.925901290408407629e+00
1.924837036051616268e+00
1.920846082213649053e+00
1.920197175592859296e+00
1.918078719146097511e+00
1.916477651767845236e+00
1.914209472981988069e+00
1.911807871914609658e+00
1.907671781187458393e+00
1.906604402935290210e+00
1.901534356237491785e+00
1.910851149657119663e+00
1.905203711173860226e+00
1.903043361163479608e+00
1.927945205479451918e+00
1.923424657534246407e+00
1.919775095995611469e+00
1.915935271530444517e+00
1.911272627537026869e+00
1.908118486012067905e+00
1.906747120131651041e+00
1.932087574954678422e+00
1.964295874822190591e+00
1.978058224580524938e+00
1.973469095081026969e+00
1.994490358126721707e+00
1.992460490068145518e+00
1.988980716253443415e+00
2.005265467310223926e+00
1.999707474038320942e+00
1.993125639900541257e+00
1.992979376919701506e+00
1.995747800586510357e+00
2.000294594196494469e+00
1.999558108705258519e+00
1.999410811607011285e+00
1.998379731919281088e+00
1.994991898659596474e+00
1.988805420533215518e+00
1.984386507585800485e+00
1.980556783031374168e+00
1.976579761378700839e+00
1.972160848431285807e+00
1.986765799256505538e+00
1.996410946612830806e+00
1.992223717661133486e+00
1.990279647076416802e+00
1.989531927620756591e+00
1.987886944818304080e+00
1.990996398559423897e+00
1.988595438175270180e+00
1.984382039345247151e+00
2.000151607034566403e+00
1.994693753790175883e+00
1.992722862340812418e+00
2.014268180423442800e+00
2.015516976494085011e+00
2.013519741895836379e+00
2.010139806421877395e+00
2.009538461538461718e+00
2.022008679479231130e+00
2.030411728009981154e+00
2.029320024953212620e+00
2.030839073262367123e+00
2.030255525944505646e+00
2.066847913001759185e+00
2.064289141212217960e+00
2.061410522948984525e+00
2.056612825843595171e+00
2.050215896369742552e+00
2.051495282264513165e+00
2.050535742843435205e+00
2.050375819606589101e+00
2.045418199264353198e+00
2.045621898511285508e+00
2.041780054426124646e+00
2.039699055546662532e+00
2.035216904113974490e+00
2.034256443092684385e+00
2.033135905234512819e+00
2.027693292780534673e+00
2.019369297262686214e+00
2.014887145829998172e+00
2.012165839603009321e+00
2.006723227149031619e+00
2.004161997758924230e+00
2.002561229390107389e+00
1.996798463262366097e+00
1.993436849687850287e+00
1.991355850808387951e+00
1.989595005602689426e+00
1.987674083560108773e+00
1.986553545701936763e+00
1.982551624779894439e+00
1.979990395389787050e+00
1.978869857531615040e+00
1.975348167120217768e+00
1.972947014566992063e+00
1.966223787417960667e+00
1.963662558027853500e+00
1.961261405474628017e+00
1.959180406595165680e+00
1.964119066773934108e+00
1.971710313611380494e+00
1.966537342386033060e+00
1.964759133527319790e+00
1.957161332040090684e+00
1.967290480065093661e+00
1.963873067534581018e+00
1.961106590724165821e+00
1.959934853420195466e+00
1.956514657980455985e+00
1.955863192182410559e+00
1.950651465798045603e+00
1.952777777777777946e+00
1.955551910775791269e+00
1.975581395348837255e+00
2.008638211382113514e+00
2.008306492625868689e+00
2.023980815347721673e+00
2.024323398424118015e+00
2.042538474840048579e+00
2.060139860139859724e+00
2.059090909090909083e+00
2.068929136627395859e+00
2.060488834183224593e+00
2.055565324424125428e+00
2.052400211007561204e+00
2.049586776859503967e+00
2.045718304905925766e+00
2.045718304905925766e+00
2.043784068929136666e+00
2.037981360998768920e+00
2.036398804290486808e+00
2.058582621082620800e+00
2.054487179487179294e+00
2.049323361823361722e+00
2.064452423698384109e+00
2.061041292639138156e+00
2.059605026929981708e+00
2.075218023255813726e+00
2.072674418604651070e+00
2.068495639534883690e+00
2.062318313953488413e+00
2.057957848837209447e+00
2.055777616279069964e+00
2.055050872093023173e+00
2.051417151162790553e+00
2.066556655665566566e+00
2.063256325632563559e+00
2.061056105610560962e+00
2.058672533920058889e+00
2.055372203887055438e+00
2.064057596455602717e+00
2.057227247553996552e+00
2.056488831456525723e+00
2.050027690603655195e+00
2.048550858408713093e+00
2.058495821727019504e+00
2.057753017641597015e+00
2.056081708449396306e+00
2.052924791086351064e+00
2.050510677808727866e+00
2.048282265552460402e+00
2.066453914022902350e+00
2.060071334709967950e+00
2.057255490895438133e+00
2.053313309555096389e+00
2.051060634503472979e+00
2.056728232189973582e+00
2.078270805560845869e+00
2.075223766901542977e+00
2.070081889163968736e+00
2.069320129499143235e+00
2.065130451342601425e+00
2.061512092934679075e+00
2.064756446991403926e+00
2.062655205348614906e+00
2.058834765998089456e+00
2.055396370582617038e+00
2.052148997134670694e+00
2.048519579751671316e+00
2.046609360076408812e+00
2.045419701034879356e+00
