1.000000000000000000e+00
9.998706600379936305e-01
1.001615984748376764e+00
1.002956656410850966e+00
1.004172566631197139e+00
1.005612595274228749e+00
1.006185505185286821e+00
1.008195655565764737e+00
1.010965798303089969e+00
1.011961478179404406e+00
1.014398770442074715e+00
1.017378918675397870e+00
1.020359551804209230e+00
1.022433626668655338e+00
1.025851361753774560e+00
1.026881977138382585e+00
1.028518854802565663e+00
1.031056386583797613e+00
1.033072245340247219e+00
1.035742366498229705e+00
1.037413897893030734e+00
1.039561171917053217e+00
1.040613030791477378e+00
1.040946719552908961e+00
1.040274981637947738e+00
1.042579472234847593e+00
1.043074246754439383e+00
1.045398383939993625e+00
1.047531082695455806e+00
1.050642483447789211e+00
1.052704050409120740e+00
1.055859123886491169e+00
1.058989826130962930e+00
1.059194828092859142e+00
1.061051780800751132e+00
1.064762547367025913e+00
1.067291976678945042e+00
1.069679140092979486e+00
1.068928110524379749e+00
1.071910240058594033e+00
1.073184899590190033e+00
1.074146020354821873e+00
1.077142782447288338e+00
1.079881969989678892e+00
1.080229877376457592e+00
1.080128010370460467e+00
1.081047696391889801e+00
1.082256071889515558e+00
1.082342847576797551e+00
1.082489554047674440e+00
1.085533828147302371e+00
1.084090745408714307e+00
1.085958924091253719e+00
1.088129257228978020e+00
1.088776493616131269e+00
1.088463134075051686e+00
1.087529784334772209e+00
1.084994399177522828e+00
1.084183594355713876e+00
1.080447913980511210e+00
1.077662716068827020e+00
1.075618498120465061e+00
1.071532063751270858e+00
1.079556849030301358e+00
1.088767619379864326e+00
1.098542896089272025e+00
1.102187336293293685e+00
1.109327651101660095e+00
1.117266391693926941e+00
1.125825717129671499e+00
1.132411357952037623e+00
1.140577144623338590e+00
1.148098370031455540e+00
1.151360231940082191e+00
1.155028576470242152e+00
1.158486290955707654e+00
1.164761019756777483e+00
1.167758444216990821e+00
1.176200896113368755e+00
1.181455495941670097e+00
1.183507760864674907e+00
1.187398206258550637e+00
1.196729835274855214e+00
1.197643817821427259e+00
1.205235745301619366e+00
1.206579265972534509e+00
1.211789473684210527e+00
1.218308938062567570e+00
1.225816203143893723e+00
1.234086318175099839e+00
1.235151907883258904e+00
1.236905528005955768e+00
1.239583998773460705e+00
1.241524272723744993e+00
1.239860404930267723e+00
1.247502627063408642e+00
1.254076197171673401e+00
1.251791295328301690e+00
1.252810851128484115e+00
1.253094007542952859e+00
1.256626523074310331e+00
1.261718525335020269e+00
1.259784614937433656e+00
1.263125331447763955e+00
1.266013823164997110e+00
1.267744032411676658e+00
1.269667564589200381e+00
1.268594402350394335e+00
1.268923491446832585e+00
1.266573864625021972e+00
1.267961818123578555e+00
1.266254571345351021e+00
1.265088003137716299e+00
1.263340206185567194e+00
1.259439221233047634e+00
1.251015733418047393e+00
1.253491561002860966e+00
1.248000409297883362e+00
1.245960873380478118e+00
1.243796838865608212e+00
1.239849162501096114e+00
1.235602279565325201e+00
1.234298393157499119e+00
1.234003292508638161e+00
1.230067006262438145e+00
1.241924950084902335e+00
1.254626626473842821e+00
1.258941206117820455e+00
1.270069238377843579e+00
1.278580496946980283e+00
1.287298490604784851e+00
1.296101666527091467e+00
1.310231871025756334e+00
1.317589825257968084e+00
1.325739053122916067e+00
1.336304259082868429e+00
1.343936840647290909e+00
1.356593717573813862e+00
1.363213875047911028e+00
1.370840747873144361e+00
1.377325725626395547e+00
1.387726215751693415e+00
1.402466454665322493e+00
1.414123295259700930e+00
1.420754615714899138e+00
1.431953148518103180e+00
1.435870380140504610e+00
1.433381973285441591e+00
1.437499999999999778e+00
1.440985170410198801e+00
1.448878686208723288e+00
1.451314493748321333e+00
1.458386528056416998e+00
1.455340968405538948e+00
1.457420318725099584e+00
1.458098091783630368e+00
1.465833520737623408e+00
1.466614578246573597e+00
1.461179409637761939e+00
1.466092644506741260e+00
1.473950378440756159e+00
1.480844895423483187e+00
1.478781321979479424e+00
1.479564418045538288e+00
1.472441225785737107e+00
1.480471869328493506e+00
1.491007327362889434e+00
1.488395597813880089e+00
1.487457370215990782e+00
1.487114490916772169e+00
1.484280884467415351e+00
1.480568011958146357e+00
1.476082638061183783e+00
1.478045439896874091e+00
1.475373772762455626e+00
1.481352560914967809e+00
1.484024215925334067e+00
1.476804342294971040e+00
1.475657358555312548e+00
1.471210544571626588e+00
1.473693471757874462e+00
1.478274488745693116e+00
1.479238440616500450e+00
1.479616636859724110e+00
1.476592977893368186e+00
1.471300511568968128e+00
1.472166714244933061e+00
1.482519517044077029e+00
1.476880877742946740e+00
1.489739739739739610e+00
1.498749042634669237e+00
1.513325668896321030e+00
1.514592933947772835e+00
1.529255607324737198e+00
1.542480766037527040e+00
1.549456735911726390e+00
1.551822648840132546e+00
1.545039842937983465e+00
1.546832036506172070e+00
1.553297980098909514e+00
1.559175007582650929e+00
1.576366009821595027e+00
1.584257557513150116e+00
1.594008264462809965e+00
1.595470314852392324e+00
1.595555555555555616e+00
1.591892981984404321e+00
1.593432102136956185e+00
1.589993772057297194e+00
1.584470094438614751e+00
1.592318634423897761e+00
1.596394700644320652e+00
1.596844036697247615e+00
1.601013866110034156e+00
1.609363125094999347e+00
1.611102532427424405e+00
1.610476935105551455e+00
1.609696104102197989e+00
1.618670118103866740e+00
1.623807957908582678e+00
1.621154165973723416e+00
1.622770687177753413e+00
1.633960960442218058e+00
1.638558463300731516e+00
1.628264345354414555e+00
1.633754512635379186e+00
1.639415118631598167e+00
1.641298265249020449e+00
1.639287061486231378e+00
1.638684386652643932e+00
1.636672161349753019e+00
1.639917290271760475e+00
1.631254964257347284e+00
1.632166566083282921e+00
1.618115427528146855e+00
1.617148144340495808e+00
1.610753581067054130e+00
1.611163870423129696e+00
1.606196103481315696e+00
1.606918918918919026e+00
1.606744033282242246e+00
1.610548570156893344e+00
1.600605652759084840e+00
1.607570402462661141e+00
1.608997340117960029e+00
1.616472251679038630e+00
1.606752258678079137e+00
1.600480769230769429e+00
1.593033135089209740e+00
1.593549975381585382e+00
1.590801445843200712e+00
1.603845664077422573e+00
1.612903225806451513e+00
1.598609106416480685e+00
1.590866852515598007e+00
1.583456029982599267e+00
1.584438430311231549e+00
1.595735843832202683e+00
1.617278679191574087e+00
1.614098313391956419e+00
1.619005719313682201e+00
1.619500594530321136e+00
1.630589661967560833e+00
1.625057506517405326e+00
1.618443447315488282e+00
1.616700674933291504e+00
1.633863965267728036e+00
1.622113821138211343e+00
1.628680119086999500e+00
1.627602417730019901e+00
1.629768392370572361e+00
1.655057752887644229e+00
1.677135678391959761e+00
1.671971066907775860e+00
1.675491818348961104e+00
1.678057889822595516e+00
1.668171557562076357e+00
1.668316831683168466e+00
1.681421083284799112e+00
1.681925343811394802e+00
1.704430507788792237e+00
1.704297758585235467e+00
1.697335553705245470e+00
1.703085376162299269e+00
1.693864507882402837e+00
1.704757766673908215e+00
1.703303964757709510e+00
1.717117117117116898e+00
1.736066328880700116e+00
1.737124213470053746e+00
1.747142857142857331e+00
1.746495891735137640e+00
1.762199653207827676e+00
1.770880645975271062e+00
1.772634271099744030e+00
1.764097258147956371e+00
1.772105263157894850e+00
1.774210807918673138e+00
1.765848394928513754e+00
1.763143483023001279e+00
1.770647321428571397e+00
1.763528748590755590e+00
1.764083500142979544e+00
1.772820064158646902e+00
1.770777876367938486e+00
1.757223711647303954e+00
1.748045700541190461e+00
1.743465045592705209e+00
1.748686244204018525e+00
1.748273697426239837e+00
1.728621016093405016e+00
1.738079896907216426e+00
1.771941489361702038e+00
1.757453936348408741e+00
1.782863041982105878e+00
1.788313505948215587e+00
1.790730837789661134e+00
1.771684587813620260e+00
1.773605541378053152e+00
1.780750650315867878e+00
1.784609581290079072e+00
1.797302504816955526e+00
1.803683385579937459e+00
1.807799442896935949e+00
1.818144997974888710e+00
1.816200657894736725e+00
1.804655029093931828e+00
1.826865671641791034e+00
1.858212241303390577e+00
1.842198581560283488e+00
1.825602140945584262e+00
1.835603996366939050e+00
1.846830171217028971e+00
1.864583333333333037e+00
1.846190476190476160e+00
1.861030126336248980e+00
1.922881785895484308e+00
1.917095777548918800e+00
1.921671018276762455e+00
1.941239316239316226e+00
1.948913043478260887e+00
1.930449069003285834e+00
1.914553472987871929e+00
1.906808035714285587e+00
1.907648725212464536e+00
1.905063291139240667e+00
1.925575900767867443e+00
1.940397350993377623e+00
1.949724095646842459e+00
1.955763239875389248e+00
1.971776779987171047e+00
1.987532808398950079e+00
1.988689288090485618e+00
1.992567567567567366e+00
1.987092391304347894e+00
1.988957902001380340e+00
1.975711311589174235e+00
1.976890756302520868e+00
1.967582804792107343e+00
1.977142857142857313e+00
1.983272727272727298e+00
1.994822485207100815e+00
2.029702970297029729e+00
2.037094281298299947e+00
2.024275646045419208e+00
2.044247787610619316e+00
2.056511056511056701e+00
2.034567901234567877e+00
2.063398140321217156e+00
2.050255536626916619e+00
2.028277634961439535e+00
2.008628127696289845e+00
2.011393514460999121e+00
2.020444444444444265e+00
2.026954177897574372e+00
2.016274864376130349e+00
2.023020257826888102e+00
2.023452157598498946e+00
2.024761904761904763e+00
2.054740957966764370e+00
2.049455984174085366e+00
2.043912175648702423e+00
2.051829268292682862e+00
2.114649681528662395e+00
2.128787878787878896e+00
2.123212321232123223e+00
2.193771626297577715e+00
2.233055885850178335e+00
2.227985524728588462e+00
2.256473489519112086e+00
2.231631382316313861e+00
2.242424242424242653e+00
2.240102171136653997e+00
2.242857142857142883e+00
2.255599472990777343e+00
2.248670212765957466e+00
2.230053191489361986e+00
2.209395973154362203e+00
2.211459754433833691e+00
2.222068965517241423e+00
2.202797202797202925e+00
2.184767277856135337e+00
2.177304964539006793e+00
2.203488372093023173e+00
2.190058479532163815e+00
2.220877458396369075e+00
2.262090483619344727e+00
2.275752773375594007e+00
2.231746031746031367e+00
2.209856915739268679e+00
2.178628389154705136e+00
2.200000000000000178e+00
2.231155778894472697e+00
2.211764705882352633e+00
2.188235294117646834e+00
2.188034188034188254e+00
2.208041958041957908e+00
2.210247349823321716e+00
2.222621184919209902e+00
2.213381555153707048e+00
2.181159420289854989e+00
2.194852941176470562e+00
2.224105461393596883e+00
2.197740112994350348e+00
2.186311787072243273e+00
2.171153846153846434e+00
2.152804642166344262e+00
2.147058823529411686e+00
2.196319018404908174e+00
2.165983606557376984e+00
2.139630390143736793e+00
2.158995815899581228e+00
2.131799163179916246e+00
2.183406113537117665e+00
2.159388646288209479e+00
2.126914660831509707e+00
2.193621867881549115e+00
2.251173708920187977e+00
2.225882352941176645e+00
2.251207729468599261e+00
2.241463414634146556e+00
2.218673218673218539e+00
2.194581280788177047e+00
2.185185185185185563e+00
2.167901234567901181e+00
2.174563591022443898e+00
2.228791773778920238e+00
2.204663212435233000e+00
2.202631578947368052e+00
2.181333333333333346e+00
2.294617563739376642e+00
2.270655270655270286e+00
2.239316239316239354e+00
2.227011494252873369e+00
2.212643678160919336e+00
2.197101449275362217e+00
2.238095238095238138e+00
2.262996941896024516e+00
2.390879478827361737e+00
2.386885245901639419e+00
2.425675675675675880e+00
2.444827586206896441e+00
2.434482758620689857e+00
2.520000000000000018e+00
2.505494505494505475e+00
2.461538461538461231e+00
2.442804428044280662e+00
2.480916030534350725e+00
2.478764478764478696e+00
2.482490272373540918e+00
2.466926070038910623e+00
2.468750000000000000e+00
2.464285714285714413e+00
2.545454545454545414e+00
2.495867768595041447e+00
2.479338842975206347e+00
2.450413223140496033e+00
2.421487603305785274e+00
2.535087719298245279e+00
2.708920187793427470e+00
2.735576923076922906e+00
2.700483091787440060e+00
2.697560975609756273e+00
2.691176470588235503e+00
2.961748633879781156e+00
2.967032967032967150e+00
3.039548022598869803e+00
3.000000000000000444e+00
2.988505747126436685e+00
2.948275862068965303e+00
3.005917159763313862e+00
3.018072289156626731e+00
2.993975903614458201e+00
3.061728395061728225e+00
3.140127388535031816e+00
3.175324675324675106e+00
3.116883116883117033e+00
3.131578947368421240e+00
3.161073825503355916e+00
3.281690140845070047e+00
3.232394366197183011e+00
3.297101449275362306e+00
3.340740740740740566e+00
3.531746031746031633e+00
3.492063492063492092e+00
3.487999999999999989e+00
3.463999999999999968e+00
3.431999999999999940e+00
3.399999999999999911e+00
3.399999999999999911e+00
3.319999999999999840e+00
3.239999999999999769e+00
3.135999999999999677e+00
3.163934426229508379e+00
3.139344262295082011e+00
3.176470588235294379e+00
3.188034188034188254e+00
3.199999999999999734e+00
3.223214285714285587e+00
3.187500000000000000e+00
3.330188679245283279e+00
3.691489361702127603e+00
3.698924731182795966e+00
3.666666666666666519e+00
3.641304347826086918e+00
3.619565217391304657e+00
3.688888888888888662e+00
3.670454545454545414e+00
3.659090909090909616e+00
3.697674418604650626e+00
3.627906976744185830e+00
3.546511627906976383e+00
3.571428571428571175e+00
3.547619047619047450e+00
3.511904761904762307e+00
3.585365853658536217e+00
3.548780487804878536e+00
3.512195121951219523e+00
3.463414634146341431e+00
3.426829268292682862e+00
3.414634146341462895e+00
3.493670886075949333e+00
3.455696202531646222e+00
3.635135135135135087e+00
3.567567567567567988e+00
3.700000000000000622e+00
3.657142857142857473e+00
3.642857142857143238e+00
3.614285714285714768e+00
3.585714285714285854e+00
3.471428571428571530e+00
3.457142857142857295e+00
3.385714285714285676e+00
3.385714285714285676e+00
3.357142857142857206e+00
3.342857142857142971e+00
3.285714285714286031e+00
3.323529411764705621e+00
3.343283582089552119e+00
3.328358208955223940e+00
3.268656716417910335e+00
3.164179104477611748e+00
3.419354838709677491e+00
3.370967741935483986e+00
3.370967741935483986e+00
3.258064516129032029e+00
3.177419354838709520e+00
3.129032258064516014e+00
3.112903225806451513e+00
3.064516129032258007e+00
3.298245614035087314e+00
3.267857142857142794e+00
3.640000000000000124e+00
3.600000000000000089e+00
3.559999999999999609e+00
3.632653061224489832e+00
3.571428571428571619e+00
4.000000000000000000e+00
3.906976744186046346e+00
3.906976744186046346e+00
3.837209302325581106e+00
3.813953488372093137e+00
3.833333333333333925e+00
3.785714285714285587e+00
3.761904761904761862e+00
3.804878048780487632e+00
3.804878048780487632e+00
3.731707317073170938e+00
3.731707317073170938e+00
3.585365853658536217e+00
3.560975609756097615e+00
3.536585365853658569e+00
3.972222222222222321e+00
3.916666666666666963e+00
3.805555555555555358e+00
3.885714285714286120e+00
3.800000000000000711e+00
3.800000000000000711e+00
3.771428571428572241e+00
3.742857142857143771e+00
3.742857142857143771e+00
6.499999999999999112e+00
6.349999999999999645e+00
6.099999999999999645e+00
6.049999999999999822e+00
6.049999999999999822e+00
5.899999999999999467e+00
6.157894736842104422e+00
6.000000000000000000e+00
5.947368421052630971e+00
5.842105263157894690e+00
5.842105263157894690e+00
5.684210526315789380e+00
5.578947368421052211e+00
5.526315789473684070e+00
5.368421052631578760e+00
5.315789473684210620e+00
5.157894736842104422e+00
5.000000000000000000e+00
5.000000000000000000e+00
4.947368421052630971e+00
4.894736842105262831e+00
4.842105263157894690e+00
4.789473684210526550e+00
4.789473684210526550e+00
4.736842105263157521e+00
4.736842105263157521e+00
5.625000000000000888e+00
5.625000000000000888e+00
5.562500000000000000e+00
5.500000000000000000e+00
6.615384615384615863e+00
6.615384615384615863e+00
6.230769230769231726e+00
6.230769230769231726e+00
6.230769230769231726e+00
6.153846153846155076e+00
6.153846153846155076e+00
6.153846153846155076e+00
6.153846153846155076e+00
6.153846153846155076e+00
6.076923076923076650e+00
5.923076923076923350e+00
5.692307692307692513e+00
5.538461538461539213e+00
5.538461538461539213e+00
5.538461538461539213e+00
6.000000000000000000e+00
6.000000000000000000e+00
6.000000000000000000e+00
6.000000000000000000e+00
5.916666666666666963e+00
5.833333333333333037e+00
5.666666666666666075e+00
5.666666666666666075e+00
5.666666666666666075e+00
5.583333333333333037e+00
5.333333333333333037e+00
5.250000000000000000e+00
5.250000000000000000e+00
5.250000000000000000e+00
5.166666666666666963e+00
5.083333333333333037e+00
5.000000000000000000e+00
5.000000000000000000e+00
5.000000000000000000e+00
5.000000000000000000e+00
4.916666666666666075e+00
4.916666666666666075e+00
4.916666666666666075e+00
4.916666666666666075e+00
4.916666666666666075e+00
4.916666666666666075e+00
4.750000000000000000e+00
4.750000000000000000e+00
4.750000000000000000e+00
4.500000000000000000e+00
4.500000000000000000e+00
4.500000000000000000e+00
8.833333333333333925e+00
8.666666666666666075e+00
1.000000000000000000e+01
1.000000000000000000e+01
1.000000000000000000e+01
1.000000000000000000e+01
1.000000000000000000e+01
1.000000000000000000e+01
1.000000000000000000e+01
1.000000000000000000e+01
1.000000000000000000e+01
1.000000000000000000e+01
1.000000000000000000e+01
1.000000000000000000e+01
1.000000000000000000e+01
1.000000000000000000e+01
1.000000000000000000e+01
1.000000000000000000e+01
1.000000000000000000e+01
1.000000000000000000e+01
1.000000000000000000e+01
1.000000000000000000e+01
1.000000000000000000e+01
1.000000000000000000e+01
1.000000000000000000e+01
1.000000000000000000e+01
1.000000000000000000e+01
1.000000000000000000e+01
1.000000000000000000e+01
1.000000000000000000e+01
1.000000000000000000e+01
1.000000000000000000e+01
1.000000000000000000e+01
1.000000000000000000e+01
1.000000000000000000e+01
1.000000000000000000e+01
1.000000000000000000e+01
1.000000000000000000e+01
1.000000000000000000e+01
1.000000000000000000e+01
1.000000000000000000e+01
1.000000000000000000e+01
1.000000000000000000e+01
1.000000000000000000e+01
1.000000000000000000e+01
1.000000000000000000e+01
1.000000000000000000e+01
1.000000000000000000e+01
1.000000000000000000e+01
1.000000000000000000e+01
1.000000000000000000e+01
1.000000000000000000e+01
1.000000000000000000e+01
1.000000000000000000e+01
1.000000000000000000e+01
1.000000000000000000e+01
1.000000000000000000e+01
1.000000000000000000e+01
1.000000000000000000e+01
1.000000000000000000e+01
1.000000000000000000e+01
1.000000000000000000e+01
1.000000000000000000e+01
1.000000000000000000e+01
1.000000000000000000e+01
1.000000000000000000e+01
1.000000000000000000e+01
1.000000000000000000e+01
1.000000000000000000e+01
1.000000000000000000e+01
1.000000000000000000e+01
1.000000000000000000e+01
1.000000000000000000e+01
1.000000000000000000e+01
1.000000000000000000e+01
1.000000000000000000e+01
1.000000000000000000e+01
1.000000000000000000e+01
1.000000000000000000e+01
1.000000000000000000e+01
1.000000000000000000e+01
1.000000000000000000e+01
1.000000000000000000e+01
1.000000000000000000e+01
1.000000000000000000e+01
1.000000000000000000e+01
1.000000000000000000e+01
1.000000000000000000e+01
1.000000000000000000e+01
1.000000000000000000e+01
1.000000000000000000e+01
1.000000000000000000e+01
1.000000000000000000e+01
1.000000000000000000e+01
1.000000000000000000e+01
1.000000000000000000e+01
1.000000000000000000e+01
1.000000000000000000e+01
1.000000000000000000e+01
1.000000000000000000e+01
1.000000000000000000e+01
1.000000000000000000e+01
1.000000000000000000e+01
1.000000000000000000e+01
1.000000000000000000e+01
1.000000000000000000e+01
1.000000000000000000e+01
1.000000000000000000e+01
1.000000000000000000e+01
1.000000000000000000e+01
1.000000000000000000e+01
1.000000000000000000e+01
1.000000000000000000e+01
1.000000000000000000e+01
1.000000000000000000e+01
1.000000000000000000e+01
1.000000000000000000e+01
1.000000000000000000e+01
1.000000000000000000e+01
1.000000000000000000e+01
1.000000000000000000e+01
1.000000000000000000e+01
1.000000000000000000e+01
1.000000000000000000e+01
1.000000000000000000e+01
1.000000000000000000e+01
1.000000000000000000e+01
1.000000000000000000e+01
1.000000000000000000e+01
1.000000000000000000e+01
1.000000000000000000e+01
1.000000000000000000e+01
1.000000000000000000e+01
1.000000000000000000e+01
1.000000000000000000e+01
1.000000000000000000e+01
1.000000000000000000e+01
1.000000000000000000e+01
1.000000000000000000e+01
1.000000000000000000e+01
1.000000000000000000e+01
1.000000000000000000e+01
1.000000000000000000e+01
1.000000000000000000e+01
1.000000000000000000e+01
1.000000000000000000e+01
1.000000000000000000e+01
1.000000000000000000e+01
1.000000000000000000e+01
1.000000000000000000e+01
1.000000000000000000e+01
1.000000000000000000e+01
1.000000000000000000e+01
1.000000000000000000e+01
1.000000000000000000e+01
1.000000000000000000e+01
1.000000000000000000e+01
1.000000000000000000e+01
1.000000000000000000e+01
1.000000000000000000e+01
1.000000000000000000e+01
1.000000000000000000e+01
1.000000000000000000e+01
1.000000000000000000e+01
1.000000000000000000e+01
1.000000000000000000e+01
1.000000000000000000e+01
1.000000000000000000e+01
1.000000000000000000e+01
1.000000000000000000e+01
1.000000000000000000e+01
1.000000000000000000e+01
1.000000000000000000e+01
1.000000000000000000e+01
1.000000000000000000e+01
1.000000000000000000e+01
1.000000000000000000e+01
1.000000000000000000e+01
1.000000000000000000e+01
1.000000000000000000e+01
1.000000000000000000e+01
1.000000000000000000e+01
1.000000000000000000e+01
1.000000000000000000e+01
1.000000000000000000e+01
1.000000000000000000e+01
1.000000000000000000e+01
1.000000000000000000e+01
1.000000000000000000e+01
1.000000000000000000e+01
1.000000000000000000e+01
1.000000000000000000e+01
1.000000000000000000e+01
1.000000000000000000e+01
1.000000000000000000e+01
1.000000000000000000e+01
1.000000000000000000e+01
1.000000000000000000e+01
1.000000000000000000e+01
1.000000000000000000e+01
1.000000000000000000e+01
1.000000000000000000e+01
1.000000000000000000e+01
1.000000000000000000e+01
1.000000000000000000e+01
1.000000000000000000e+01
1.000000000000000000e+01
1.000000000000000000e+01
1.000000000000000000e+01
1.000000000000000000e+01
1.000000000000000000e+01
1.000000000000000000e+01
1.000000000000000000e+01
1.000000000000000000e+01
1.000000000000000000e+01
1.000000000000000000e+01
1.000000000000000000e+01
1.000000000000000000e+01
1.000000000000000000e+01
1.000000000000000000e+01
1.000000000000000000e+01
1.000000000000000000e+01
1.000000000000000000e+01
1.000000000000000000e+01
1.000000000000000000e+01
1.000000000000000000e+01
1.000000000000000000e+01
1.000000000000000000e+01
1.000000000000000000e+01
1.000000000000000000e+01
1.000000000000000000e+01
1.000000000000000000e+01
1.000000000000000000e+01
1.000000000000000000e+01
1.000000000000000000e+01
1.000000000000000000e+01
1.000000000000000000e+01
1.000000000000000000e+01
1.000000000000000000e+01
1.000000000000000000e+01
1.000000000000000000e+01
1.000000000000000000e+01
1.000000000000000000e+01
1.000000000000000000e+01
1.000000000000000000e+01
1.000000000000000000e+01
1.000000000000000000e+01
1.000000000000000000e+01
1.000000000000000000e+01
1.000000000000000000e+01
1.000000000000000000e+01
1.000000000000000000e+01
1.000000000000000000e+01
1.000000000000000000e+01
1.000000000000000000e+01
1.000000000000000000e+01
1.000000000000000000e+01
1.000000000000000000e+01
1.000000000000000000e+01
1.000000000000000000e+01
1.000000000000000000e+01
1.000000000000000000e+01
1.000000000000000000e+01
1.000000000000000000e+01
1.000000000000000000e+01
1.000000000000000000e+01
1.000000000000000000e+01
1.000000000000000000e+01
1.000000000000000000e+01
1.000000000000000000e+01
1.000000000000000000e+01
1.000000000000000000e+01
1.000000000000000000e+01
1.000000000000000000e+01
1.000000000000000000e+01
1.000000000000000000e+01
1.000000000000000000e+01
1.000000000000000000e+01
1.000000000000000000e+01
1.000000000000000000e+01
1.000000000000000000e+01
1.000000000000000000e+01
1.000000000000000000e+01
1.000000000000000000e+01
1.000000000000000000e+01
1.000000000000000000e+01
1.000000000000000000e+01
1.000000000000000000e+01
1.000000000000000000e+01
1.000000000000000000e+01
1.000000000000000000e+01
1.000000000000000000e+01
1.000000000000000000e+01
1.000000000000000000e+01
1.000000000000000000e+01
1.000000000000000000e+01
1.000000000000000000e+01
1.000000000000000000e+01
1.000000000000000000e+01
1.000000000000000000e+01
1.000000000000000000e+01
1.000000000000000000e+01
1.000000000000000000e+01
1.000000000000000000e+01
1.000000000000000000e+01
1.000000000000000000e+01
1.000000000000000000e+01
1.000000000000000000e+01
1.000000000000000000e+01
1.000000000000000000e+01
1.000000000000000000e+01
1.000000000000000000e+01
1.000000000000000000e+01
1.000000000000000000e+01
1.000000000000000000e+01
1.000000000000000000e+01
1.000000000000000000e+01
1.000000000000000000e+01
1.000000000000000000e+01
1.000000000000000000e+01
1.000000000000000000e+01
1.000000000000000000e+01
1.000000000000000000e+01
1.000000000000000000e+01
1.000000000000000000e+01
1.000000000000000000e+01
1.000000000000000000e+01
1.000000000000000000e+01
1.000000000000000000e+01
1.000000000000000000e+01
1.000000000000000000e+01
1.000000000000000000e+01
1.000000000000000000e+01
1.000000000000000000e+01
1.000000000000000000e+01
1.000000000000000000e+01
1.000000000000000000e+01
1.000000000000000000e+01
1.000000000000000000e+01
1.000000000000000000e+01
1.000000000000000000e+01
1.000000000000000000e+01
1.000000000000000000e+01
1.000000000000000000e+01
1.000000000000000000e+01
1.000000000000000000e+01
1.000000000000000000e+01
1.000000000000000000e+01
1.000000000000000000e+01
1.000000000000000000e+01
1.000000000000000000e+01
1.000000000000000000e+01
1.000000000000000000e+01
1.000000000000000000e+01
1.000000000000000000e+01
1.000000000000000000e+01
1.000000000000000000e+01
1.000000000000000000e+01
1.000000000000000000e+01
1.000000000000000000e+01
1.000000000000000000e+01
1.000000000000000000e+01
1.000000000000000000e+01
1.000000000000000000e+01
1.000000000000000000e+01
1.000000000000000000e+01
1.000000000000000000e+01
1.000000000000000000e+01
1.000000000000000000e+01
1.000000000000000000e+01
1.000000000000000000e+01
1.000000000000000000e+01
1.000000000000000000e+01
1.000000000000000000e+01
1.000000000000000000e+01
1.000000000000000000e+01
1.000000000000000000e+01
1.000000000000000000e+01
1.000000000000000000e+01
1.000000000000000000e+01
1.000000000000000000e+01
1.000000000000000000e+01
1.000000000000000000e+01
1.000000000000000000e+01
1.000000000000000000e+01
1.000000000000000000e+01
1.000000000000000000e+01
1.000000000000000000e+01
1.000000000000000000e+01
1.000000000000000000e+01
1.000000000000000000e+01
1.000000000000000000e+01
1.000000000000000000e+01
1.000000000000000000e+01
1.000000000000000000e+01
1.000000000000000000e+01
1.000000000000000000e+01
1.000000000000000000e+01
1.000000000000000000e+01
1.000000000000000000e+01
1.000000000000000000e+01
1.000000000000000000e+01
1.000000000000000000e+01
1.000000000000000000e+01
1.000000000000000000e+01
1.000000000000000000e+01
1.000000000000000000e+01
1.000000000000000000e+01
1.000000000000000000e+01
1.000000000000000000e+01
1.000000000000000000e+01
1.000000000000000000e+01
1.000000000000000000e+01
1.000000000000000000e+01
1.000000000000000000e+01
1.000000000000000000e+01
1.000000000000000000e+01
1.000000000000000000e+01
1.000000000000000000e+01
1.000000000000000000e+01
1.000000000000000000e+01
1.000000000000000000e+01
1.000000000000000000e+01
1.000000000000000000e+01
1.000000000000000000e+01
1.000000000000000000e+01
1.000000000000000000e+01
1.000000000000000000e+01
1.000000000000000000e+01
1.000000000000000000e+01
1.000000000000000000e+01
1.000000000000000000e+01
1.000000000000000000e+01
1.000000000000000000e+01
1.000000000000000000e+01
1.000000000000000000e+01
1.000000000000000000e+01
1.000000000000000000e+01
1.000000000000000000e+01
1.000000000000000000e+01
1.000000000000000000e+01
1.000000000000000000e+01
1.000000000000000000e+01
1.000000000000000000e+01
1.000000000000000000e+01
1.000000000000000000e+01
1.000000000000000000e+01
1.000000000000000000e+01
1.000000000000000000e+01
1.000000000000000000e+01
1.000000000000000000e+01
1.000000000000000000e+01
1.000000000000000000e+01
1.000000000000000000e+01
1.000000000000000000e+01
1.000000000000000000e+01
1.000000000000000000e+01
1.000000000000000000e+01
1.000000000000000000e+01
1.000000000000000000e+01
1.000000000000000000e+01
1.000000000000000000e+01
1.000000000000000000e+01
1.000000000000000000e+01
1.000000000000000000e+01
1.000000000000000000e+01
1.000000000000000000e+01
1.000000000000000000e+01
1.000000000000000000e+01
1.000000000000000000e+01
1.000000000000000000e+01
1.000000000000000000e+01
1.000000000000000000e+01
1.000000000000000000e+01
1.000000000000000000e+01
1.000000000000000000e+01
1.000000000000000000e+01
1.000000000000000000e+01
1.000000000000000000e+01
1.000000000000000000e+01
1.000000000000000000e+01
1.000000000000000000e+01
1.000000000000000000e+01
1.000000000000000000e+01
1.000000000000000000e+01
1.000000000000000000e+01
1.000000000000000000e+01
1.000000000000000000e+01
1.000000000000000000e+01
1.000000000000000000e+01
1.000000000000000000e+01
1.000000000000000000e+01
1.000000000000000000e+01
1.000000000000000000e+01
1.000000000000000000e+01
1.000000000000000000e+01
1.000000000000000000e+01
1.000000000000000000e+01
1.000000000000000000e+01
1.000000000000000000e+01
1.000000000000000000e+01
1.000000000000000000e+01
1.000000000000000000e+01
1.000000000000000000e+01
1.000000000000000000e+01
1.000000000000000000e+01
1.000000000000000000e+01
1.000000000000000000e+01
1.000000000000000000e+01
1.000000000000000000e+01
1.000000000000000000e+01
1.000000000000000000e+01
1.000000000000000000e+01
1.000000000000000000e+01
1.000000000000000000e+01
1.000000000000000000e+01
1.000000000000000000e+01
1.000000000000000000e+01
1.000000000000000000e+01
1.000000000000000000e+01
1.000000000000000000e+01
1.000000000000000000e+00
1.000000000000000000e+00
1.000000000000000000e+00
1.000000000000000000e+00
1.000000000000000000e+00
1.000000000000000000e+00
1.000000000000000000e+00
1.000000000000000000e+00
1.000000000000000000e+00
1.000000000000000000e+00
1.000000000000000000e+00
1.000000000000000000e+00
1.000000000000000000e+00
1.000000000000000000e+00
1.000000000000000000e+00
1.000000000000000000e+00
1.000000000000000000e+00
1.000000000000000000e+00
1.000000000000000000e+00
1.000000000000000000e+00
1.000000000000000000e+00
1.000000000000000000e+00
1.000000000000000000e+00
1.000000000000000000e+00
1.000000000000000000e+00
1.000000000000000000e+00
1.000000000000000000e+00
1.000000000000000000e+00
1.000000000000000000e+00
1.000000000000000000e+00
1.000000000000000000e+00
1.000000000000000000e+00
1.000000000000000000e+00
1.000000000000000000e+00
1.000000000000000000e+00
1.000000000000000000e+00
1.000000000000000000e+00
1.000000000000000000e+00
1.000000000000000000e+00
1.000000000000000000e+00
1.000000000000000000e+00
1.000000000000000000e+00
1.000000000000000000e+00
1.000000000000000000e+00
1.000000000000000000e+00
1.000000000000000000e+00
1.000000000000000000e+00
1.000000000000000000e+00
1.000000000000000000e+00
1.000000000000000000e+00
1.000000000000000000e+00
1.000000000000000000e+00
1.000000000000000000e+00
1.000000000000000000e+00
1.000000000000000000e+00
1.000000000000000000e+00
1.000000000000000000e+00
1.000000000000000000e+00
1.000000000000000000e+00
1.000000000000000000e+00
1.000000000000000000e+00
1.000000000000000000e+00
1.000000000000000000e+00
1.000000000000000000e+00
1.000000000000000000e+00
1.000000000000000000e+00
1.000000000000000000e+00
1.000000000000000000e+00
1.000000000000000000e+00
1.000000000000000000e+00
1.000000000000000000e+00
1.000000000000000000e+00
1.000000000000000000e+00
1.000000000000000000e+00
1.000000000000000000e+00
1.000000000000000000e+00
1.000000000000000000e+00
1.000000000000000000e+00
1.000000000000000000e+00
1.000000000000000000e+00
1.000000000000000000e+00
1.000000000000000000e+00
1.000000000000000000e+00
1.000000000000000000e+00
1.000000000000000000e+00
1.000000000000000000e+00
1.000000000000000000e+00
1.000000000000000000e+00
1.000000000000000000e+00
1.000000000000000000e+00
1.000000000000000000e+00
1.000000000000000000e+00
1.000000000000000000e+00
1.000000000000000000e+00
1.000000000000000000e+00
1.000000000000000000e+00
1.000000000000000000e+00
1.000000000000000000e+00
1.000000000000000000e+00
1.000000000000000000e+00
1.000000000000000000e+00
1.000000000000000000e+00
1.000000000000000000e+00
1.000000000000000000e+00
1.000000000000000000e+00
1.000000000000000000e+00
1.000000000000000000e+00
1.000000000000000000e+00
1.000000000000000000e+00
1.000000000000000000e+00
1.000000000000000000e+00
1.000000000000000000e+00
1.000000000000000000e+00
1.000000000000000000e+00
1.000000000000000000e+00
1.000000000000000000e+00
1.000000000000000000e+00
1.000000000000000000e+00
1.000000000000000000e+00
1.000000000000000000e+00
1.000000000000000000e+00
1.000000000000000000e+00
1.000000000000000000e+00
1.000000000000000000e+00
1.000000000000000000e+00
1.000000000000000000e+00
1.000000000000000000e+00
1.000000000000000000e+00
1.000000000000000000e+00
1.000000000000000000e+00
1.000000000000000000e+00
1.000000000000000000e+00
1.000000000000000000e+00
1.000000000000000000e+00
1.000000000000000000e+00
1.000000000000000000e+00
1.000000000000000000e+00
1.000000000000000000e+00
1.000000000000000000e+00
1.000000000000000000e+00
1.000000000000000000e+00
1.000000000000000000e+00
1.000000000000000000e+00
1.000000000000000000e+00
1.000000000000000000e+00
1.000000000000000000e+00
1.000000000000000000e+00
1.000000000000000000e+00
1.000000000000000000e+00
1.000000000000000000e+00
1.000000000000000000e+00
1.000000000000000000e+00
1.000000000000000000e+00
1.000000000000000000e+00
1.000000000000000000e+00
1.000000000000000000e+00
1.000000000000000000e+00
1.000000000000000000e+00
1.000000000000000000e+00
1.000000000000000000e+00
1.000000000000000000e+00
1.000000000000000000e+00
1.000000000000000000e+00
1.000000000000000000e+00
1.000000000000000000e+00
1.000000000000000000e+00
1.000000000000000000e+00
1.000000000000000000e+00
1.000000000000000000e+00
1.000000000000000000e+00
1.000000000000000000e+00
1.000000000000000000e+00
1.000000000000000000e+00
1.000000000000000000e+00
1.000000000000000000e+00
1.000000000000000000e+00
1.000000000000000000e+00
1.000000000000000000e+00
1.000000000000000000e+00
1.000000000000000000e+00
1.000000000000000000e+00
1.000000000000000000e+00
1.000000000000000000e+00
1.000000000000000000e+00
1.000000000000000000e+00
1.000000000000000000e+00
1.000000000000000000e+00
1.000000000000000000e+00
1.000000000000000000e+00
1.000000000000000000e+00
1.000000000000000000e+00
1.000000000000000000e+00
1.000000000000000000e+00
1.000000000000000000e+00
1.000000000000000000e+00
1.000000000000000000e+00
1.000000000000000000e+00
1.000000000000000000e+00
1.000000000000000000e+00
1.000000000000000000e+00
1.000000000000000000e+00
1.000000000000000000e+00
1.000000000000000000e+00
1.000000000000000000e+00
1.000000000000000000e+00
1.000000000000000000e+00
1.000000000000000000e+00
1.000000000000000000e+00
1.000000000000000000e+00
1.000000000000000000e+00
1.000000000000000000e+00
1.000000000000000000e+00
1.000000000000000000e+00
1.000000000000000000e+00
1.000000000000000000e+00
1.000000000000000000e+00
1.000000000000000000e+00
1.000000000000000000e+00
1.000000000000000000e+00
1.000000000000000000e+00
1.000000000000000000e+00
1.000000000000000000e+00
1.000000000000000000e+00
1.000000000000000000e+00
1.000000000000000000e+00
1.000000000000000000e+00
1.000000000000000000e+00
1.000000000000000000e+00
1.000000000000000000e+00
1.000000000000000000e+00
1.000000000000000000e+00
1.000000000000000000e+00
1.000000000000000000e+00
1.000000000000000000e+00
1.000000000000000000e+00
1.000000000000000000e+00
1.000000000000000000e+00
1.000000000000000000e+00
1.000000000000000000e+00
1.000000000000000000e+00
1.000000000000000000e+00
1.000000000000000000e+00
1.000000000000000000e+00
1.000000000000000000e+00
1.000000000000000000e+00
1.000000000000000000e+00
1.000000000000000000e+00
1.000000000000000000e+00
1.000000000000000000e+00
1.000000000000000000e+00
1.000000000000000000e+00
1.000000000000000000e+00
1.000000000000000000e+00
1.000000000000000000e+00
1.000000000000000000e+00
1.000000000000000000e+00
1.000000000000000000e+00
1.000000000000000000e+00
1.000000000000000000e+00
1.000000000000000000e+00
1.000000000000000000e+00
1.000000000000000000e+00
1.000000000000000000e+00
1.000000000000000000e+00
1.000000000000000000e+00
1.000000000000000000e+00
1.000000000000000000e+00
1.000000000000000000e+00
1.000000000000000000e+00
1.000000000000000000e+00
1.000000000000000000e+00
1.000000000000000000e+00
1.000000000000000000e+00
1.000000000000000000e+00
1.000000000000000000e+00
1.000000000000000000e+00
1.000000000000000000e+00
1.000000000000000000e+00
1.000000000000000000e+00
1.000000000000000000e+00
1.000000000000000000e+00
1.000000000000000000e+00
1.000000000000000000e+00
1.000000000000000000e+00
1.000000000000000000e+00
1.000000000000000000e+00
1.000000000000000000e+00
1.000000000000000000e+00
1.000000000000000000e+00
1.000000000000000000e+00
1.000000000000000000e+00
1.000000000000000000e+00
1.000000000000000000e+00
1.000000000000000000e+00
1.000000000000000000e+00
1.000000000000000000e+00
1.000000000000000000e+00
1.000000000000000000e+00
1.000000000000000000e+00
1.000000000000000000e+00
1.000000000000000000e+00
1.000000000000000000e+00
1.000000000000000000e+00
1.000000000000000000e+00
1.000000000000000000e+00
1.000000000000000000e+00
1.000000000000000000e+00
1.000000000000000000e+00
1.000000000000000000e+00
1.000000000000000000e+00
1.000000000000000000e+00
1.000000000000000000e+00
1.000000000000000000e+00
1.000000000000000000e+00
1.000000000000000000e+00
1.000000000000000000e+00
1.000000000000000000e+00
1.000000000000000000e+00
1.000000000000000000e+00
1.000000000000000000e+00
1.000000000000000000e+00
1.000000000000000000e+00
1.000000000000000000e+00
1.000000000000000000e+00
1.000000000000000000e+00
1.000000000000000000e+00
1.000000000000000000e+00
1.000000000000000000e+00
1.000000000000000000e+00
1.000000000000000000e+00
1.000000000000000000e+00
1.000000000000000000e+00
1.000000000000000000e+00
1.000000000000000000e+00
1.000000000000000000e+00
1.000000000000000000e+00
1.000000000000000000e+00
1.000000000000000000e+00
1.000000000000000000e+00
1.000000000000000000e+00
1.000000000000000000e+00
1.000000000000000000e+00
1.000000000000000000e+00
1.000000000000000000e+00
1.000000000000000000e+00
1.000000000000000000e+00
1.000000000000000000e+00
1.000000000000000000e+00
1.000000000000000000e+00
1.000000000000000000e+00
1.000000000000000000e+00
1.000000000000000000e+00
1.000000000000000000e+00
1.000000000000000000e+00
1.000000000000000000e+00
1.000000000000000000e+00
1.000000000000000000e+00
1.000000000000000000e+00
1.000000000000000000e+00
1.000000000000000000e+00
1.000000000000000000e+00
1.000000000000000000e+00
1.000000000000000000e+00
1.000000000000000000e+00
1.000000000000000000e+00
1.000000000000000000e+00
1.000000000000000000e+00
1.000000000000000000e+00
1.000000000000000000e+00
1.000000000000000000e+00
1.000000000000000000e+00
1.000000000000000000e+00
1.000000000000000000e+00
1.000000000000000000e+00
1.000000000000000000e+00
1.000000000000000000e+00
1.000000000000000000e+00
1.000000000000000000e+00
1.000000000000000000e+00
1.000000000000000000e+00
1.000000000000000000e+00
1.000000000000000000e+00
1.000000000000000000e+00
1.000000000000000000e+00
1.000000000000000000e+00
1.000000000000000000e+00
1.000000000000000000e+00
1.000000000000000000e+00
1.000000000000000000e+00
1.000000000000000000e+00
1.000000000000000000e+00
1.000000000000000000e+00
1.000000000000000000e+00
1.000000000000000000e+00
1.000000000000000000e+00
1.000000000000000000e+00
1.000000000000000000e+00
1.000000000000000000e+00
1.000000000000000000e+00
1.000000000000000000e+00
1.000000000000000000e+00
1.000000000000000000e+00
1.000000000000000000e+00
1.000000000000000000e+00
1.000000000000000000e+00
1.000000000000000000e+00
1.000000000000000000e+00
1.000000000000000000e+00
1.000000000000000000e+00
1.000000000000000000e+00
1.000000000000000000e+00
1.000000000000000000e+00
1.000000000000000000e+00
1.000000000000000000e+00
1.000000000000000000e+00
1.000000000000000000e+00
1.000000000000000000e+00
1.000000000000000000e+00
1.000000000000000000e+00
1.000000000000000000e+00
1.000000000000000000e+00
1.000000000000000000e+00
1.000000000000000000e+00
1.000000000000000000e+00
1.000000000000000000e+00
1.000000000000000000e+00
1.000000000000000000e+00
1.000000000000000000e+00
1.000000000000000000e+00
1.000000000000000000e+00
1.000000000000000000e+00
1.000000000000000000e+00
1.000000000000000000e+00
1.000000000000000000e+00
1.000000000000000000e+00
1.000000000000000000e+00
1.000000000000000000e+00
1.000000000000000000e+00
1.000000000000000000e+00
1.000000000000000000e+00
1.000000000000000000e+00
1.000000000000000000e+00
1.000000000000000000e+00
1.000000000000000000e+00
1.000000000000000000e+00
1.000000000000000000e+00
1.000000000000000000e+00
1.000000000000000000e+00
1.000000000000000000e+00
1.000000000000000000e+00
1.000000000000000000e+00
1.000000000000000000e+00
1.000000000000000000e+00
1.000000000000000000e+00
1.000000000000000000e+00
1.000000000000000000e+00
1.000000000000000000e+00
1.000000000000000000e+00
1.000000000000000000e+00
1.000000000000000000e+00
1.000000000000000000e+00
1.000000000000000000e+00
1.000000000000000000e+00
1.000000000000000000e+00
1.000000000000000000e+00
1.000000000000000000e+00
1.000000000000000000e+00
1.000000000000000000e+00
1.000000000000000000e+00
1.000000000000000000e+00
1.000000000000000000e+00
1.000000000000000000e+00
1.000000000000000000e+00
1.000000000000000000e+00
1.000000000000000000e+00
1.000000000000000000e+00
1.000000000000000000e+00
1.000000000000000000e+00
1.000000000000000000e+00
1.000000000000000000e+00
1.000000000000000000e+00
1.000000000000000000e+00
1.000000000000000000e+00
1.000000000000000000e+00
1.000000000000000000e+00
1.000000000000000000e+00
1.000000000000000000e+00
1.000000000000000000e+00
1.000000000000000000e+00
1.000000000000000000e+00
1.000000000000000000e+00
1.000000000000000000e+00
1.000000000000000000e+00
1.000000000000000000e+00
1.000000000000000000e+00
1.000000000000000000e+00
1.000000000000000000e+00
1.000000000000000000e+00
1.000000000000000000e+00
1.000000000000000000e+00
1.000000000000000000e+00
1.000000000000000000e+00
1.000000000000000000e+00
1.000000000000000000e+00
1.000000000000000000e+00
1.000000000000000000e+00
1.000000000000000000e+00
1.000000000000000000e+00
1.000000000000000000e+00
1.000000000000000000e+00
1.000000000000000000e+00
1.000000000000000000e+00
1.000000000000000000e+00
1.000000000000000000e+00
1.000000000000000000e+00
1.000000000000000000e+00
1.000000000000000000e+00
1.000000000000000000e+00
1.000000000000000000e+00
1.000000000000000000e+00
1.000000000000000000e+00
1.000000000000000000e+00
1.000000000000000000e+00
1.000000000000000000e+00
1.000000000000000000e+00
1.000000000000000000e+00
1.000000000000000000e+00
1.000000000000000000e+00
1.000000000000000000e+00
1.000000000000000000e+00
1.000000000000000000e+00
1.000000000000000000e+00
1.000000000000000000e+00
1.000000000000000000e+00
1.000000000000000000e+00
1.000000000000000000e+00
1.000000000000000000e+00
1.000000000000000000e+00
1.000000000000000000e+00
1.000000000000000000e+00
1.000000000000000000e+00
1.000000000000000000e+00
1.000000000000000000e+00
1.000000000000000000e+00
1.000000000000000000e+00
1.000000000000000000e+00
1.000000000000000000e+00
1.000000000000000000e+00
1.000000000000000000e+00
1.000000000000000000e+00
1.000000000000000000e+00
1.000000000000000000e+00
1.000000000000000000e+00
1.000000000000000000e+00
1.000000000000000000e+00
1.000000000000000000e+00
1.000000000000000000e+00
1.000000000000000000e+00
1.000000000000000000e+00
1.000000000000000000e+00
1.000000000000000000e+00
1.000000000000000000e+00
1.000000000000000000e+00
1.000000000000000000e+00
1.000000000000000000e+00
1.000000000000000000e+00
1.000000000000000000e+00
1.000000000000000000e+00
1.000000000000000000e+00
1.000000000000000000e+00
1.000000000000000000e+00
1.000000000000000000e+00
1.000000000000000000e+00
1.000000000000000000e+00
1.000000000000000000e+00
1.000000000000000000e+00
1.000000000000000000e+00
1.000000000000000000e+00
1.000000000000000000e+00
1.000000000000000000e+00
1.000000000000000000e+00
1.000000000000000000e+00
1.000000000000000000e+00
1.000000000000000000e+00
1.000000000000000000e+00
1.000000000000000000e+00
1.000000000000000000e+00
1.000000000000000000e+00
1.000000000000000000e+00
1.000000000000000000e+00
1.000000000000000000e+00
1.000000000000000000e+00
1.000000000000000000e+00
1.000000000000000000e+00
1.000000000000000000e+00
1.000000000000000000e+00
1.000000000000000000e+00
1.000000000000000000e+00
1.000000000000000000e+00
1.000000000000000000e+00
1.000000000000000000e+00
1.000000000000000000e+00
1.000000000000000000e+00
1.000000000000000000e+00
1.000000000000000000e+00
1.000000000000000000e+00
1.000000000000000000e+00
1.000000000000000000e+00
1.000000000000000000e+00
1.000000000000000000e+00
1.000000000000000000e+00
1.000000000000000000e+00
1.000000000000000000e+00
1.000000000000000000e+00
1.000000000000000000e+00
1.000000000000000000e+00
1.000000000000000000e+00
1.000000000000000000e+00
1.000000000000000000e+00
1.000000000000000000e+00
1.000000000000000000e+00
