1.000000000000000000e+00
1.000000000000000000e+00
1.000000000000000000e+00
1.000000000000000000e+00
1.000000000000000000e+00
1.000000000000000000e+00
1.000000000000000000e+00
1.000000000000000000e+00
1.000000000000000000e+00
1.000000000000000000e+00
1.000000000000000000e+00
1.000000000000000000e+00
1.000000000000000000e+00
1.000000000000000000e+00
1.000000000000000000e+00
1.000000000000000000e+00
1.000000000000000000e+00
1.000000000000000000e+00
1.000000000000000000e+00
1.000000000000000000e+00
1.000000000000000000e+00
1.000000000000000000e+00
1.000000000000000000e+00
1.000000000000000000e+00
1.000000000000000000e+00
1.000000000000000000e+00
1.000000000000000000e+00
1.000000000000000000e+00
1.000000000000000056e-01
1.000000000000000056e-01
1.000000000000000056e-01
1.000000000000000056e-01
1.000000000000000056e-01
1.000000000000000056e-01
1.000000000000000056e-01
2.500000000000000000e-01
2.500000000000000000e-01
1.999999999999999833e-01
3.333333333333333148e-01
3.333333333333333148e-01
3.333333333333333148e-01
5.000000000000000000e-01
6.666666666666666297e-01
5.714285714285713969e-01
5.714285714285713969e-01
4.545454545454545858e-01
4.166666666666666852e-01
4.166666666666666852e-01
4.166666666666666852e-01
5.000000000000000000e-01
4.615384615384615641e-01
5.384615384615384359e-01
5.384615384615384359e-01
5.000000000000000000e-01
3.809523809523809312e-01
4.285714285714286031e-01
4.090909090909091161e-01
5.652173913043477826e-01
4.814814814814814548e-01
4.814814814814814548e-01
5.555555555555555802e-01
5.357142857142856984e-01
5.357142857142856984e-01
4.545454545454545303e-01
3.018867924528301772e-01
3.050847457627118842e-01
3.064516129032258118e-01
3.230769230769230949e-01
3.134328358208954834e-01
2.999999999999999889e-01
3.243243243243243423e-01
2.727272727272727626e-01
2.450980392156862919e-01
2.621359223300970820e-01
2.692307692307692180e-01
2.702702702702702853e-01
2.916666666666666297e-01
2.803030303030302761e-01
2.516556291390728561e-01
2.654320987654321118e-01
2.743902439024390461e-01
2.787878787878788067e-01
2.914285714285714257e-01
2.977528089887640506e-01
3.031914893617021489e-01
3.065326633165829096e-01
3.051643192488262546e-01
3.043478260869564855e-01
2.921810699588477389e-01
2.948207171314741193e-01
3.056603773584906092e-01
2.943262411347517538e-01
2.890365448504983448e-01
2.926045016077170047e-01
3.091482649842270947e-01
3.141993957703926865e-01
3.039772727272727071e-01
2.994791666666666852e-01
3.102564102564102644e-01
3.259259259259259522e-01
3.268765133171912529e-01
3.348946135831381565e-01
3.379310344827586299e-01
3.452115812917594395e-01
3.454157782515991371e-01
3.287671232876712701e-01
3.239700374531835347e-01
3.271375464684014855e-01
3.406593406593406148e-01
3.405017921146953341e-01
3.186274509803921351e-01
3.114503816793893209e-01
3.198198198198198283e-01
3.183791606367583626e-01
3.290229885057471271e-01
3.427762039660056659e-01
3.415637860082303967e-01
3.496598639455782420e-01
3.604806408544726226e-01
3.643512450851900120e-01
3.740259740259740395e-01
3.856960408684547148e-01
3.712574850299401041e-01
3.683602771362586292e-01
3.683035714285714524e-01
3.684782608695651995e-01
3.416267942583732231e-01
3.366880146386093120e-01
3.386666666666666714e-01
3.409282700421940593e-01
3.346839546191248127e-01
3.341176470588235192e-01
3.374327440430437974e-01
3.303964757709251243e-01
3.263598326359832824e-01
3.315030885380919612e-01
3.410904255319149314e-01
3.354430379746835000e-01
3.333333333333333148e-01
3.166378814047207668e-01
3.147009502515371593e-01
3.035244608100999830e-01
3.107549120992760816e-01
3.023255813953488746e-01
3.060532687651331685e-01
3.064592173503064565e-01
3.133489461358313632e-01
3.111111111111111160e-01
3.012605042016806567e-01
2.997562956945572510e-01
3.022520742789411297e-01
3.115715402658326694e-01
3.198924731182795633e-01
3.281070745697896585e-01
3.191176470588235059e-01
3.212621011115095460e-01
3.190226876090750396e-01
3.199318568994888867e-01
3.255499153976311177e-01
3.226857887874837183e-01
3.166614567052203899e-01
3.128189732812968749e-01
3.038580681498169733e-01
3.065713500137476344e-01
3.144722524483133386e-01
3.122183938510469381e-01
3.155428273887008750e-01
3.142857142857142794e-01
3.165556377991611270e-01
3.222656250000000000e-01
3.288331726133076338e-01
3.305588585017835701e-01
3.429791271347248371e-01
3.454162768942937167e-01
3.471514590088003449e-01
3.463547581194640346e-01
3.470653377630121827e-01
3.533171699360810880e-01
3.597467801790001918e-01
3.598460551635664362e-01
3.658691509633707484e-01
3.600162535554652377e-01
3.547693510555121055e-01
3.600543478260869734e-01
3.732380768488125500e-01
3.751905487804877426e-01
3.744436201780415030e-01
3.715108950117054221e-01
3.749776905229341151e-01
3.739683631361760408e-01
3.723262032085561390e-01
3.760330578512396937e-01
3.681283762313314334e-01
3.681498829039812626e-01
3.653612629022464642e-01
3.692815359232038408e-01
3.762671437090041593e-01
3.826815642458100131e-01
3.793251358307120347e-01
3.769923769923770318e-01
3.749830232242292727e-01
3.750331301351709778e-01
3.687229161356104790e-01
3.705103969754253712e-01
3.735510407578212511e-01
3.718438231309274533e-01
3.773951006548629805e-01
3.758907363420427306e-01
3.824573863636363535e-01
3.887643101616901076e-01
3.888314374353670777e-01
3.860158606053836761e-01
3.931103234381922995e-01
3.913845486111111049e-01
3.968561584840654688e-01
3.956485002112378191e-01
3.977842809364548482e-01
3.978221046203949118e-01
4.024020993136859237e-01
4.067085953878407101e-01
4.111760626176558242e-01
4.042736680720581677e-01
4.064503960769520474e-01
4.044158233670653302e-01
3.995194019223923254e-01
4.014931927975406989e-01
3.923018741070678495e-01
3.973460190285427740e-01
3.990606460118655829e-01
3.990279465370595302e-01
3.983972070142030031e-01
3.896727938372359090e-01
3.931785525221205280e-01
3.986750978620897667e-01
4.055597295266716307e-01
3.946970242812882779e-01
3.977467199087278416e-01
4.002924383790558149e-01
3.959722411212409643e-01
4.000000000000000222e-01
3.994926230055411143e-01
4.012557832121612655e-01
3.985629207664422857e-01
3.989902217677510077e-01
4.012726814516128782e-01
4.060145694539568084e-01
4.138595400870105356e-01
4.174912420871489394e-01
4.214207517333658504e-01
4.219049904030710563e-01
4.248008560218760610e-01
4.286982248520710415e-01
4.287975611186023439e-01
4.249443715410509137e-01
4.296967979597619558e-01
4.362370521310919291e-01
4.403345307588684698e-01
4.421000166140555132e-01
4.443345965837315337e-01
4.459032468947482508e-01
4.448844178082191902e-01
4.461120868593326239e-01
4.453190596137699409e-01
4.469389876312234167e-01
4.497084171956443610e-01
4.543677333058956380e-01
4.589258312020460528e-01
4.633114068634949789e-01
4.674325623766384941e-01
4.637386605859317168e-01
4.662684813473024215e-01
4.678823643223371520e-01
4.700846525419675181e-01
4.757684060042887686e-01
4.779823859087269922e-01
4.842431063590321161e-01
4.866651151966487898e-01
4.869653485904119616e-01
4.880120564460884713e-01
4.915754575593805353e-01
4.914692579821772767e-01
4.931252486847341188e-01
4.935766232635108719e-01
4.966573215441017486e-01
5.012863390789812357e-01
5.050772250191996049e-01
5.075006356470886937e-01
5.114935256653591056e-01
5.095562572710653493e-01
5.110644948996380110e-01
5.069544942916868191e-01
5.101350005973477320e-01
5.111969720864216749e-01
5.134849906191369939e-01
5.163307312905355273e-01
5.188482886216466694e-01
5.170790951874905117e-01
5.160178350631345889e-01
5.169815522809101394e-01
5.204104148278905217e-01
5.220524017467248479e-01
5.276267130737437583e-01
5.312015014256324941e-01
5.339927606350571843e-01
5.393559928443649731e-01
5.415086985791729424e-01
5.413615500508041078e-01
5.444498505595328774e-01
5.480829015544040894e-01
5.491423904165532166e-01
5.489991589571068253e-01
5.480171525446265735e-01
5.518994026205485959e-01
5.500635779726777974e-01
5.528149612679480462e-01
5.527980222814395939e-01
5.554881940012763586e-01
5.551452020202020110e-01
5.574089170376873570e-01
5.606329074574900595e-01
5.637335145319207763e-01
5.674176245210728053e-01
5.708187223662144483e-01
5.750500941162183244e-01
5.805963372181019988e-01
5.814956855225311694e-01
5.775058103615663407e-01
5.823236757389522733e-01
5.852679350672019831e-01
5.889839107116974226e-01
5.893855549502537983e-01
5.918716333684840292e-01
5.959636156907333060e-01
5.952514751334644361e-01
5.975365065210120896e-01
5.975949471826129678e-01
5.993982494529539462e-01
6.027054244576902642e-01
6.064969223677432186e-01
6.068683828666631142e-01
6.099529612999786687e-01
6.141405543437782333e-01
6.154130085159114083e-01
6.178013217245358346e-01
6.183998335327471896e-01
6.174103124598173675e-01
6.186868686868686185e-01
6.146184415715075788e-01
6.148586259389583475e-01
6.136504091167527264e-01
6.177072797690998929e-01
6.186895284751989799e-01
6.187893674457063398e-01
6.196965303952836068e-01
6.190008856547861704e-01
6.216531681753214578e-01
6.220031210100723795e-01
6.238754651217559566e-01
6.266713581984517667e-01
6.266208114514104643e-01
6.303282478039760051e-01
6.320637691812919234e-01
6.341084917501541574e-01
6.334425488645349933e-01
6.365416207214708022e-01
6.386941181724800076e-01
6.421303408812593094e-01
6.441505414521569994e-01
6.454403036120121007e-01
6.475737100737101182e-01
6.510793727171322320e-01
6.531721528895073625e-01
6.539899306380864141e-01
6.495978151870106521e-01
6.549756170276198608e-01
6.551971628810268067e-01
6.579517034110254903e-01
6.579567493170396242e-01
6.589235715026443563e-01
6.623269441062989982e-01
6.636248051841522333e-01
6.624654415352089210e-01
6.648784339129906185e-01
6.633504814140160910e-01
6.668062367906847365e-01
6.681477367397944400e-01
6.698094599392481197e-01
6.721056873808166632e-01
6.723754100921731647e-01
6.706545095534003353e-01
6.701888532400913645e-01
6.686076382942284235e-01
6.699326624801391628e-01
6.711179656936503424e-01
6.720049449314452472e-01
6.748057091615603520e-01
6.769474174034434411e-01
6.721491831233841197e-01
6.756613077670436951e-01
6.759466900034639680e-01
6.790586009966897985e-01
6.812223911941487353e-01
6.741523008975637277e-01
6.726714540289712163e-01
6.732457680691157353e-01
6.730749119810366388e-01
6.691516532063228606e-01
6.680598855733324015e-01
6.690622977621853984e-01
6.689894291754756583e-01
6.695134662587001184e-01
6.722442266380236342e-01
6.724908302767589330e-01
6.769361503599040653e-01
6.784037169169501169e-01
6.799980192790174849e-01
6.804880451918023931e-01
6.831975343049657701e-01
6.874162225782195490e-01
6.910796280863441554e-01
6.909744240118368408e-01
6.901108818978854975e-01
6.921110182028687996e-01
6.937895664716724475e-01
6.950064674789607766e-01
6.904018912529549246e-01
6.854366513018562701e-01
6.880392278567437625e-01
6.909383361430315729e-01
6.924974559807579588e-01
6.937091678679876416e-01
6.950761048963873812e-01
6.966232182330970302e-01
6.974450782861997267e-01
6.940358986673070829e-01
6.962755438365194616e-01
6.960278911767335819e-01
6.957526212902079843e-01
6.982639968032677835e-01
6.983493587383857726e-01
7.013504180565147683e-01
6.994481268432271026e-01
6.983501029373387903e-01
7.007120734072422863e-01
6.963779527559055271e-01
6.973318312108722772e-01
6.983191008681567391e-01
7.011788098281493964e-01
7.024160199399536175e-01
7.040323264291163952e-01
7.035041568781915666e-01
7.030465021900670353e-01
6.995086845201023973e-01
6.991187000826218911e-01
7.013079797757748590e-01
7.035717710887942067e-01
7.044191368788143004e-01
7.031347199307602658e-01
7.031197494522628544e-01
7.037557554342006583e-01
7.046619673181673260e-01
7.047281229657379464e-01
7.077229299363058113e-01
7.053603217511702494e-01
7.067051947199054496e-01
7.069527537408197837e-01
7.072032738599486335e-01
7.070189325616702547e-01
7.080143788145235595e-01
7.074982967181293603e-01
7.068676930939755687e-01
7.073459564768950214e-01
7.105601118952253881e-01
7.093981499009325287e-01
7.082199169603994315e-01
7.092784794297861684e-01
7.099486745066773130e-01
7.098923183803096393e-01
7.095071942002539878e-01
7.104194857916102945e-01
7.084616136441382883e-01
7.080477371056341784e-01
7.103721048736396648e-01
7.115049389889599452e-01
7.127487637196960879e-01
7.129077980108585733e-01
7.114071527479348678e-01
7.085371197138898847e-01
7.068977689918102270e-01
7.057977454511437099e-01
7.053191861074552538e-01
7.051805301115413593e-01
7.058490020248771035e-01
7.062448880850623611e-01
7.076141081224053275e-01
7.060014411694059966e-01
7.062478622734009726e-01
7.058050035707402747e-01
7.027728759455540430e-01
7.001861574646913722e-01
7.031288302542731961e-01
7.044595195729537185e-01
7.047767773089234078e-01
7.069411868832146117e-01
7.071447467042899504e-01
7.064648790919559884e-01
7.050402852127648501e-01
7.072634454833407469e-01
7.087496741680423540e-01
7.090210093134069469e-01
7.090689472946302141e-01
7.068309670506294218e-01
7.093931053685595955e-01
7.087939618135881137e-01
7.104655493482309181e-01
7.110049877958187770e-01
7.107555987903652062e-01
7.108982263112966216e-01
7.116736546767125082e-01
7.113408540992364193e-01
7.110487789618569199e-01
7.140355083871101627e-01
7.144877353880066950e-01
7.149537070636904357e-01
7.170926633332297406e-01
7.168075020610057413e-01
7.159479176285898916e-01
7.160186975155214961e-01
7.152815231660035744e-01
7.158142412348760253e-01
7.150021695476240779e-01
7.161552709994362109e-01
7.166216636720436073e-01
7.177589004868472067e-01
7.199643636509239775e-01
7.192982456140351033e-01
7.170282813057792248e-01
7.168821157495256502e-01
7.172277266728386280e-01
7.173219457124625498e-01
7.177756254096837596e-01
7.178407052032139690e-01
7.171459350343073469e-01
7.177749595825628770e-01
7.178197752982510282e-01
7.184562240803640254e-01
7.193127358988888886e-01
7.163743248143835674e-01
7.178925096024627583e-01
7.182206006707902990e-01
7.196986231175805937e-01
7.183703927606596151e-01
7.204727382570609295e-01
7.224521737490688933e-01
7.238561476181509802e-01
7.218125327543609693e-01
7.227063427573389154e-01
7.232710846178922459e-01
7.230009926617250171e-01
7.243082912360384595e-01
7.263938452982343641e-01
7.286925107683757119e-01
7.305476305161362482e-01
7.319858589223906531e-01
7.338151465798045114e-01
7.358396360744864362e-01
7.386874271871590736e-01
7.406839328448537874e-01
7.428368152124700252e-01
7.442586605080830919e-01
7.451058176651844667e-01
7.460846814312561692e-01
7.442529525484913311e-01
7.459285773135475583e-01
7.452696720488504178e-01
7.439362407873573169e-01
7.445986043937098398e-01
7.460521783273201812e-01
7.455650148509935793e-01
7.460554755043227182e-01
7.466126365727429048e-01
7.474313301447429447e-01
7.474520410539325921e-01
7.480372695244736914e-01
7.478575696234137649e-01
7.478141105384751297e-01
7.494982861811142483e-01
7.499955655675186739e-01
7.499955765521878481e-01
7.488591715559314022e-01
7.488429686745294855e-01
7.498289863715293935e-01
7.506963300341596979e-01
7.504101651132754069e-01
7.503679896875790067e-01
7.513372472276582670e-01
7.506240465954790997e-01
7.499502977811201010e-01
7.509971854333225005e-01
7.538806872140204618e-01
7.545164626788485318e-01
7.549857549857549310e-01
7.565948375894998579e-01
7.566719533627672689e-01
7.572815533980582492e-01
7.582754847313886160e-01
7.607012867175886317e-01
7.602405943293347734e-01
7.621038470053302927e-01
7.620604722269407327e-01
7.633119527591122333e-01
7.639147667603916059e-01
7.618040755123874908e-01
7.627590499259857548e-01
7.639723368318445118e-01
7.650976872163547382e-01
7.642135014675508486e-01
7.658822349618090719e-01
7.652065998684023373e-01
7.633051711701255293e-01
7.635859901583756937e-01
7.641398887623574998e-01
7.644465321729957408e-01
7.642454241970760842e-01
7.658345385222193880e-01
7.669703685463350462e-01
7.664757384829392617e-01
7.672277898932478024e-01
7.661908559709630362e-01
7.668287605510107907e-01
7.684765907631272430e-01
7.691601838468159480e-01
7.688957253886010701e-01
7.684996002487340938e-01
7.686333650542751528e-01
7.686862511663825615e-01
7.701453422939643634e-01
7.710799826508811794e-01
7.728729170849226726e-01
7.730498159863372631e-01
7.732105684547637692e-01
7.737809752198241409e-01
7.728847026600954573e-01
7.740644052148166754e-01
7.744128063015135455e-01
7.751775748351089623e-01
7.747035885754058882e-01
7.754663633922506127e-01
7.755922582679647403e-01
7.755591556827833299e-01
7.753657311483644898e-01
7.757604726605964451e-01
7.745180741712750505e-01
7.755700884983376397e-01
7.762380718304034977e-01
7.771618798141392004e-01
7.753891541477426763e-01
7.743500088960401095e-01
7.751713373975258614e-01
7.741378911936653839e-01
7.755320377140657584e-01
7.760036285920755006e-01
7.770156086769495207e-01
7.769132291275383517e-01
7.771058976616019853e-01
7.773310606813369494e-01
7.779093033556840897e-01
7.788003663003664201e-01
7.787753485786520491e-01
7.798056952443264134e-01
7.804021704436642226e-01
7.814463976682758384e-01
7.810642824156439623e-01
7.825859876468450604e-01
7.832288887041054526e-01
7.812631673990249048e-01
7.819372003186579878e-01
7.828482632815608744e-01
7.812565429366196135e-01
7.808561413975688703e-01
7.796951523123684114e-01
7.807933349174290827e-01
7.814280626780627514e-01
7.806623496762257197e-01
7.813821763435772061e-01
7.819938827075667565e-01
7.824256056639257162e-01
7.831552575344484790e-01
7.826320395990086221e-01
7.835993735616549882e-01
7.843673094582186422e-01
7.847266539034247756e-01
7.843833250387891587e-01
7.842515774713718635e-01
7.828038498192214645e-01
7.835501926292069985e-01
7.832370570627159578e-01
7.846359017474686670e-01
7.847810989901328194e-01
7.860221274134067126e-01
7.852911074913870859e-01
7.856782797805079710e-01
7.861458782908933296e-01
7.867085378385564320e-01
7.870534465068557139e-01
7.869749192734251109e-01
7.873499921330796569e-01
7.878850645315659262e-01
7.893309157880461502e-01
7.903373030022107226e-01
7.912112965047520818e-01
7.925575101488497864e-01
7.924579277786862885e-01
7.926213619807014332e-01
7.926614869846311251e-01
7.920868396860193394e-01
7.911425890784935522e-01
7.908278192313107358e-01
7.921723407698205710e-01
7.920646738214305316e-01
7.920152011274637083e-01
7.919857212850843764e-01
7.931290284202644481e-01
7.936657785609891880e-01
7.932425265860943986e-01
7.943258454392657653e-01
7.930267474837346953e-01
7.939618239513390741e-01
7.941264089898227851e-01
7.945272771301068460e-01
7.946625800751049296e-01
7.945152621787362479e-01
7.949955587994299577e-01
7.962073568469869578e-01
7.967932454638587680e-01
7.973202089468228726e-01
7.974578537100390774e-01
7.985644063264845105e-01
7.980965283194437765e-01
7.983292007349878094e-01
7.977434695518280661e-01
7.978695181927636382e-01
7.968762721524140780e-01
7.972259677605144645e-01
7.974101186690661924e-01
7.984097255559536865e-01
7.993756250506797167e-01
7.997043556911529461e-01
7.989147265945844012e-01
7.981478869929018449e-01
7.977576281522883450e-01
7.975767788008264469e-01
7.983263486461738001e-01
7.989551949656964469e-01
7.975759997336263618e-01
7.981747187909508101e-01
7.992046920509103813e-01
7.984702339095939294e-01
7.992392111122892384e-01
7.988441905366446827e-01
7.983239854833388272e-01
7.986290083380022109e-01
7.981187304719619124e-01
7.989627701530210846e-01
7.994286840031520347e-01
7.988925294888596929e-01
7.993220427715100884e-01
7.998248262969718247e-01
8.005395237037713496e-01
7.996533501879858896e-01
7.995746701091939190e-01
8.004055582275025893e-01
8.004998214923242372e-01
8.006442956500321451e-01
8.015254314171477157e-01
8.017794585213916525e-01
8.017341713221602939e-01
8.023250554123129152e-01
8.021220330237357476e-01
8.017187550291287046e-01
8.018592570686485788e-01
7.991987661510696617e-01
7.995818093459855502e-01
7.989412927708153811e-01
7.985089830271083766e-01
7.988093042189557957e-01
7.994532566197273260e-01
8.002299931383263232e-01
8.008877374126074367e-01
8.013509481395896250e-01
8.023803934754886180e-01
8.034480790089627567e-01
8.031263255861068595e-01
8.029801115171132375e-01
8.034598446987167852e-01
8.040028519689312869e-01
8.044278581875031753e-01
8.043735596720775760e-01
8.032615999045508159e-01
8.038338738309257492e-01
8.051733868439203690e-01
8.060351580860464216e-01
8.052608214484452409e-01
8.049056085501672397e-01
8.044373555304951129e-01
8.042657007536860858e-01
8.042409285034906041e-01
8.045935628045564059e-01
8.042536309593915078e-01
8.043560383212469134e-01
8.054207320093109690e-01
8.059033104062545139e-01
8.047775337462674816e-01
8.036849066469810010e-01
8.028052298815298027e-01
8.027105387364303901e-01
8.037155269075469954e-01
8.037530133013546241e-01
8.030158671992377872e-01
8.033592739869728216e-01
8.044880392109049483e-01
8.055863742212360235e-01
8.056896562220341451e-01
8.055736249840413921e-01
8.052809889255877485e-01
8.052589477256475448e-01
8.054516398503613894e-01
8.052332608170172934e-01
8.058085322253356608e-01
8.057724896122928637e-01
8.061723113631023008e-01
8.066041144729234613e-01
8.069528495975553106e-01
8.076467511228422325e-01
8.091318490370913441e-01
8.100880040395296300e-01
8.112601889922815834e-01
8.117076158960284671e-01
8.124208390609336528e-01
8.137499699887157378e-01
8.142634357005759105e-01
8.146312818699853464e-01
8.155442710516546123e-01
8.157358190482453253e-01
8.160043484233978628e-01
8.165345683728035819e-01
8.167181296868107898e-01
8.169587021000346283e-01
8.165791336311241100e-01
8.157498071331078515e-01
8.156333880438710882e-01
8.158525542001811015e-01
8.158942120608186910e-01
8.164402503087496710e-01
8.166372475515227825e-01
8.168548934037095366e-01
8.164166710835497609e-01
8.177652927215656176e-01
8.184697812711589915e-01
8.191998586946922511e-01
8.184617192549503706e-01
8.187442040639050234e-01
8.182228342073651906e-01
8.191688199070737975e-01
8.197546048200533564e-01
8.189624433727896724e-01
8.192720411703885430e-01
8.194741205179398857e-01
8.190302422645555636e-01
8.196920890297252349e-01
8.204072840742379080e-01
8.201558858232248506e-01
8.202227616403990895e-01
8.213609598030221504e-01
8.196009002597793858e-01
8.195107295145428461e-01
8.194198194660214929e-01
8.197776072292075611e-01
8.197541394592912090e-01
8.200752230484342764e-01
8.207221313929122797e-01
8.207004794811942894e-01
8.207580221812522669e-01
8.217538620570837837e-01
8.225550873244612538e-01
8.235905325579661040e-01
8.238141946734124366e-01
8.244191244741457814e-01
8.250574357035228568e-01
8.256382058639907262e-01
8.246153670236182620e-01
8.240645617880052454e-01
8.236161983263931008e-01
8.235645524680821339e-01
8.239013738513327745e-01
8.246200556057788900e-01
8.245455578277663955e-01
8.256475800954328204e-01
8.257673795577350484e-01
8.264982437025814033e-01
8.265037157125608713e-01
8.265978774252737971e-01
8.267628341111583623e-01
8.276113703860840110e-01
8.282510729007052097e-01
8.286142110467580313e-01
8.298749795210467184e-01
8.287437299216592335e-01
8.297751225835540145e-01
8.304546043696570123e-01
8.302676902987595753e-01
8.308980795641308648e-01
8.312856516015797448e-01
8.308518647534076651e-01
8.304824290825882915e-01
8.304740988088701314e-01
8.308608166305448961e-01
8.317792599810710508e-01
8.322104085058756873e-01
8.331785114717402685e-01
8.335523997561370413e-01
8.335679413703344087e-01
8.340858732719022006e-01
8.341948398824560185e-01
8.342141166643463057e-01
8.340322347418884785e-01
8.349261946459844985e-01
8.355154937091540113e-01
8.360510920111784428e-01
8.364631499480984500e-01
8.374789757367512300e-01
8.379937540562579779e-01
8.386145092776416954e-01
8.391893765074436295e-01
8.390501465447030016e-01
8.394335620572972445e-01
8.406242558164005452e-01
8.413030599985605873e-01
8.419120700250801725e-01
8.428754131579383468e-01
8.430193314226909207e-01
8.437512097197874539e-01
8.437367022011483808e-01
8.442187465482580144e-01
8.431374710616248436e-01
8.434308378780366322e-01
8.439442575473100616e-01
8.432086008266643784e-01
8.421713777914305865e-01
8.417768672005959685e-01
8.410802886167075831e-01
8.418133181621746397e-01
8.424957896808906721e-01
8.426287744227354271e-01
8.417960759928654335e-01
8.427724414044389656e-01
8.423300484291839085e-01
8.419495695960238502e-01
8.421089814306598198e-01
8.424148287342027031e-01
8.425434454611567814e-01
8.428228094636163181e-01
8.432442400312404329e-01
8.440577949407732650e-01
8.437420452022076356e-01
8.441992300653524683e-01
8.443156858289783129e-01
8.447065567741796066e-01
8.456617547654453615e-01
8.459959375945372839e-01
8.466982151346212904e-01
8.470585058991874083e-01
8.467582331656231531e-01
8.474214467066643053e-01
8.481343545022879127e-01
8.477222936930438602e-01
8.479899700284648789e-01
8.478464218131773755e-01
8.485721658351970120e-01
8.490412931794243390e-01
8.482847764524156231e-01
8.484856605371337013e-01
8.487364350220146791e-01
8.486965639360398717e-01
8.485958746808806019e-01
8.487787433012362603e-01
8.480785321061803383e-01
8.489258858577191091e-01
8.494082792943044025e-01
8.492250207583725841e-01
8.495263942103022936e-01
8.490891016474315656e-01
8.491925584657814552e-01
8.492853957399817411e-01
8.495326408708475663e-01
8.501596021082324928e-01
8.508105128123575334e-01
8.508752410621569506e-01
8.509639058173211756e-01
8.516544584638834348e-01
8.525965365399270635e-01
8.524669913334073090e-01
8.533267061828141431e-01
8.536893388569496421e-01
8.541383881650179699e-01
8.541567721031356752e-01
8.539042688359684830e-01
8.540217528771973932e-01
8.547048626661679638e-01
8.551319184791195127e-01
8.549951605437023927e-01
8.542116233769643241e-01
8.538276006711408295e-01
8.544725251677852684e-01
8.539532302731113189e-01
8.547280141973919720e-01
8.545425072422845325e-01
8.547319361934470061e-01
8.545802801611657173e-01
8.546034925204981647e-01
8.547925645288210195e-01
8.543021549795531966e-01
8.549037356097611839e-01
8.554871517559093919e-01
8.553330078226452082e-01
8.550663719110336292e-01
8.556326704221259849e-01
8.553671906572851702e-01
8.559117509969443871e-01
8.563477270373821559e-01
8.570947800064200317e-01
8.574267159969987118e-01
8.570955986871009458e-01
8.576456360855003735e-01
8.576349261269449187e-01
8.578456423995580726e-01
8.586251219549967395e-01
8.590283367386951641e-01
8.595133428270694820e-01
8.597510972659896389e-01
8.601367963672162942e-01
8.597506999341238965e-01
8.603940217391303769e-01
8.604754041861494285e-01
8.604942840694136397e-01
8.611256692460256268e-01
8.611617341307529205e-01
8.609769354623676429e-01
8.607185843427488381e-01
8.614253886143051764e-01
8.612527126069688954e-01
8.609104618766454387e-01
8.606565749422891987e-01
8.608115075010082107e-01
8.604881182414692020e-01
8.601409282528562628e-01
8.604138675135376557e-01
8.602496160144845749e-01
8.603355929791753898e-01
8.611435772870021932e-01
8.604442233704534537e-01
8.608720363754466254e-01
8.609247341275274579e-01
8.611423591053277704e-01
8.614836122027307308e-01
8.618197278911564618e-01
8.624264471507283591e-01
8.620930126789531078e-01
8.615910318337598461e-01
8.621260530074751349e-01
8.622655694197070009e-01
8.626240619704672596e-01
8.623417721518986667e-01
8.624663771999637740e-01
8.628474757188674404e-01
8.631905761111866582e-01
8.641013641692959490e-01
8.647144934024860730e-01
8.642487567187422393e-01
8.645910216049846886e-01
8.651084102672228493e-01
8.655051775110803591e-01
8.656345009582484540e-01
8.663285627574028869e-01
8.657623315016204080e-01
8.664085237262749706e-01
8.664858453978150354e-01
8.665856306056195502e-01
8.673359645042042487e-01
8.678712026851949091e-01
8.678012695556555078e-01
8.673963628374262713e-01
8.680490715451943950e-01
8.687830476485302045e-01
8.697086942412820543e-01
8.699808890818276907e-01
8.708241645834269296e-01
8.713192754259266870e-01
8.718417942747158644e-01
8.719235388210906379e-01
8.726161941826915402e-01
8.734882422998151430e-01
8.732906387259343761e-01
8.737739850836925282e-01
8.726403371869936310e-01
8.719278310102368534e-01
8.720848897950679302e-01
8.725859340506698647e-01
8.727536893049824274e-01
8.732247699143128594e-01
8.727531263005608997e-01
8.726684854996756835e-01
8.733369313877432649e-01
8.737231445675155417e-01
8.740449888839925130e-01
8.745718923841386827e-01
8.739597129697352917e-01
8.735587933349127088e-01
8.742793966674562434e-01
8.742410117541445924e-01
8.745495328945747104e-01
8.747942721422306001e-01
8.744265490558978948e-01
8.747189159134187708e-01
8.750184432881185081e-01
8.752905905192538416e-01
8.755305561013951854e-01
8.762969149145215519e-01
8.761017215319081286e-01
8.757201484670338321e-01
8.760388524694656676e-01
8.761058910602338434e-01
8.759422987436016328e-01
8.765790698243981494e-01
8.759720632684802055e-01
8.765800347179776297e-01
8.769761130534706739e-01
8.773569686096023279e-01
8.773723626166947120e-01
8.777288311079420868e-01
8.781683743736509173e-01
8.784590527235541790e-01
8.784475946106790056e-01
8.783867430242475738e-01
8.781659367372887104e-01
8.784901984658468610e-01
8.786905196543750574e-01
8.785356765880447671e-01
8.786769531420903778e-01
8.788218889228990305e-01
8.790780796239280326e-01
8.791960316073543780e-01
8.797396470382666811e-01
8.801279437746325485e-01
8.807040701934882865e-01
8.809773276288599408e-01
8.807881200215259554e-01
8.808628575858593601e-01
8.811971858283587089e-01
8.812185592067357520e-01
8.812011517893870716e-01
8.817528492268976725e-01
8.820029027576197223e-01
8.819140190531457035e-01
8.820427300850733898e-01
8.825986078886310926e-01
8.825942227139427221e-01
8.828089529458359452e-01
8.824431900419742458e-01
8.822729967180249488e-01
8.825094085956736167e-01
8.828807999653195404e-01
8.827540737461139209e-01
8.835048172709509817e-01
8.839346281337651101e-01
8.837928430934071100e-01
8.841040823584823682e-01
8.845414435804024311e-01
8.850028356386915318e-01
8.851099806411014681e-01
8.852166231371946248e-01
8.856487171608541376e-01
8.859442415400048398e-01
8.861410135196747806e-01
8.863939507345673929e-01
8.865419664268585631e-01
8.868365149923994606e-01
8.866461933530401796e-01
8.867328174086276382e-01
8.868936198733261556e-01
8.868189907572191499e-01
8.875509501119467348e-01
8.879381265784035415e-01
8.880049720323182072e-01
8.882782219715832372e-01
8.879869742301760294e-01
8.882216472699846488e-01
8.884424700218066517e-01
8.887478950306024750e-01
8.890722160759928494e-01
8.892968168901265180e-01
8.884338450988609193e-01
8.884081356771242888e-01
8.889222084184171813e-01
8.886125312091308626e-01
8.890690762097254174e-01
8.894637974081560650e-01
8.898394958982285274e-01
8.901866603257638788e-01
8.904577848140382557e-01
8.908476316802874662e-01
8.895067468827693169e-01
8.892455173852441552e-01
8.898808112797853553e-01
8.903584244682414273e-01
8.908567853723732277e-01
8.914539474307814348e-01
8.912327054745873278e-01
8.917440836387398040e-01
8.924069812589373596e-01
8.921588570617594582e-01
8.924515097926103424e-01
8.918144121508656541e-01
8.920628924878416521e-01
8.921055488170358538e-01
8.921576491348925941e-01
8.925649470138057318e-01
8.927602685120976655e-01
8.935527848931281714e-01
8.939061711628870643e-01
8.943069878859039035e-01
8.947691059900880761e-01
8.949069798126401132e-01
8.951096073737583314e-01
8.951402432704900214e-01
8.954935602099174385e-01
8.958657207194475891e-01
8.966571506637648348e-01
8.970253656468591963e-01
8.974493040344803108e-01
8.977915514715925083e-01
8.976065833082254031e-01
8.981573892738777820e-01
8.979262521052681079e-01
8.984296346477733675e-01
8.983454871151106413e-01
8.986087798731493548e-01
8.985605323633493180e-01
8.987084862180585443e-01
8.987467188828001108e-01
8.990049821328788271e-01
8.990041672923861915e-01
8.995767007058116382e-01
9.001820843970566033e-01
9.002472240074682608e-01
9.001130070664583593e-01
8.996808944327560065e-01
9.001166773659968756e-01
9.004103505780509664e-01
9.004616839759137514e-01
9.009673824485170401e-01
9.015573639998875066e-01
9.019319554610751855e-01
9.018520338673667869e-01
9.016759201657678080e-01
9.020524568703539581e-01
9.014921887770590558e-01
9.009910229372352086e-01
9.013642895802617128e-01
9.018168753849312713e-01
9.007924491383687560e-01
9.010497196400961695e-01
9.013198338331999127e-01
9.015115531837613050e-01
9.020703528820094297e-01
9.020477498022059226e-01
9.016790584996815516e-01
9.017992851199910787e-01
9.020828201040247407e-01
9.027056674460004482e-01
9.021850690816207718e-01
9.025983977708116335e-01
9.023772173283456377e-01
9.019281421575900959e-01
9.021873652886126527e-01
9.022249192812440421e-01
9.021582600562139120e-01
9.016470784131432881e-01
9.019692176776366033e-01
9.022062325723348986e-01
9.025854215703048578e-01
9.026238527868322148e-01
9.029752410014564301e-01
9.026930612546670840e-01
9.019801523194092008e-01
9.011913814955639923e-01
9.016338287821177300e-01
9.019518377693283018e-01
9.019332307437133434e-01
9.018752705602786079e-01
9.012927266872153842e-01
9.009975635544522632e-01
9.008421275090392477e-01
9.004972611608270672e-01
9.002023576269552185e-01
9.004078374522316297e-01
9.007564948917097247e-01
9.008795018296206214e-01
9.011821458377278216e-01
9.014664477847375013e-01
9.018241179761370407e-01
9.022964260493951949e-01
9.029062995808838643e-01
9.030646388529834923e-01
9.030930858009447171e-01
9.030436534833025108e-01
9.030342705939442549e-01
9.031996704202142068e-01
9.033644603131008033e-01
9.038334797891036665e-01
9.041263913298184240e-01
9.043643819566491437e-01
9.044074589173956014e-01
9.043964031506718237e-01
9.045705928058869194e-01
9.050428424540157835e-01
9.050968855918655187e-01
9.047773360657608288e-01
9.043339079044570017e-01
9.046941548788384191e-01
9.050772022946363959e-01
9.048228902703590038e-01
9.050487834888055749e-01
9.051893433696787117e-01
9.053716014562420700e-01
9.052605210420840987e-01
9.049838211267412502e-01
9.053797597972065292e-01
9.045764406471550334e-01
9.043537507665054820e-01
9.049760396084577385e-01
9.047750909033133171e-01
9.048613033357080226e-01
9.050630040551206346e-01
9.052807286516497687e-01
9.053260342067188660e-01
9.049263539542260482e-01
9.048947881039208774e-01
9.050774526678141418e-01
9.047879827471497771e-01
9.045846581067085168e-01
9.046054118561780433e-01
9.049173213752950140e-01
9.050853432030476764e-01
9.055236959007243458e-01
9.055199204986901229e-01
9.054905856323655078e-01
9.059375987718427670e-01
9.060879221078194101e-01
9.064896608692903923e-01
9.064630685022990741e-01
9.065668867958571742e-01
9.065738327365866489e-01
9.069805194805194981e-01
9.074224386724385472e-01
9.074310342495705006e-01
9.076267022480266622e-01
9.071821363106148395e-01
9.071827035204387268e-01
9.076239402439408854e-01
9.076550522804917032e-01
9.073345355933422063e-01
9.072131118063797572e-01
9.076851152587478433e-01
9.078334592009206228e-01
9.082470241306146441e-01
9.085706836408098397e-01
9.085982610258599435e-01
9.079722929264361087e-01
9.076853359894831996e-01
9.078302767110505433e-01
9.079022324692626045e-01
9.083283618241925206e-01
9.081378358269164286e-01
9.084157306392476317e-01
9.086607610931136669e-01
9.092387724651512793e-01
9.093718923858413739e-01
9.097078506732603209e-01
9.100527678483439908e-01
9.100357796973727043e-01
9.103761122380894522e-01
9.102042460621198039e-01
9.102392575721643952e-01
9.100211541299748630e-01
9.103108134091102421e-01
9.105343880092470199e-01
9.108250349894247977e-01
9.111916973336492420e-01
9.114644583458162419e-01
9.116835614539503529e-01
9.121038817022075751e-01
9.120768629203440669e-01
9.120428484001089631e-01
9.121420374116396834e-01
9.123653105058922019e-01
9.119861134042239748e-01
9.119986438681876306e-01
9.121636993848335484e-01
9.126856316942278946e-01
9.119580379067083742e-01
9.121452095207960298e-01
9.116582283553976707e-01
9.113029547881807968e-01
9.110909462933802772e-01
9.112866636419438837e-01
9.112154519261552732e-01
9.113954439563957122e-01
9.117777817295893428e-01
9.116328262830681872e-01
9.115915825200019418e-01
9.108305123097195644e-01
9.109430782535423710e-01
9.105930626207483503e-01
9.097877123650798259e-01
9.100443870122627565e-01
9.100950628370217954e-01
9.097587821082363524e-01
9.092587521311650267e-01
9.093020483316186509e-01
9.095890531930393985e-01
9.097965797851437220e-01
9.098167822352478673e-01
9.102184400669134368e-01
9.103148511793128783e-01
9.106369834300465094e-01
9.110253072391500950e-01
9.112900734726298024e-01
9.115724907883414607e-01
9.117445888401032317e-01
9.121152615669747554e-01
9.116835245460718218e-01
9.117175101393051317e-01
9.115565622025593173e-01
9.118341735114745550e-01
9.121117848203899037e-01
9.123585504283145964e-01
9.126758204956463283e-01
9.129005534600063143e-01
9.128950255309963291e-01
9.131505557782879645e-01
9.125966952991885206e-01
9.122481220543646740e-01
9.125649634972254898e-01
9.125398675846293495e-01
9.131029628489101269e-01
9.130188131612970714e-01
9.131683333773098488e-01
9.134058066615653448e-01
9.135751441147114127e-01
9.134731196975690581e-01
9.137940129236450382e-01
9.140484897499911998e-01
9.141902878488243900e-01
9.145770160404306237e-01
9.141399282486794009e-01
9.143111829307385419e-01
9.138564288441201056e-01
9.136131165948786492e-01
9.137885659645766934e-01
9.137642999022190793e-01
9.139616155326864000e-01
9.141471925233317641e-01
9.135537552003503148e-01
9.138559229253339078e-01
9.138405774896360967e-01
9.136449546743200534e-01
9.134104475980144855e-01
9.130427183108438260e-01
9.133180102076488005e-01
9.135801929665106069e-01
9.138292665874292453e-01
9.140433825071663243e-01
9.139456153762148816e-01
9.133846926081927720e-01
9.125372691925444091e-01
9.126811151988561965e-01
9.129862430910327120e-01
9.127132823256706162e-01
9.130487826132421825e-01
9.129160387794743592e-01
9.132862381645078242e-01
9.135127130824106656e-01
9.137435432871962027e-01
9.140484133689885660e-01
9.141660061148227934e-01
9.143257754224926037e-01
9.145913981772183510e-01
9.147960583324987738e-01
9.149876550736123493e-01
9.153273038419501573e-01
9.155580908255642747e-01
9.153723971365782530e-01
9.149451581758244467e-01
9.150930266946166736e-01
9.154757452138438945e-01
9.155281717699645938e-01
9.157696588182102637e-01
9.160087643028553828e-01
9.161435328487461671e-01
9.163913330782874622e-01
9.166478280527249334e-01
9.168912809098180849e-01
9.163879308097965248e-01
9.166181593876788769e-01
9.167701971277899542e-01
9.163483741037171670e-01
9.167086234136010425e-01
9.169560235420755046e-01
9.172381464955988717e-01
9.174030799145819204e-01
9.176938835743676526e-01
9.180584732373826551e-01
9.181317512878711673e-01
9.183704468815504507e-01
9.178673351665034286e-01
9.173116424999350205e-01
9.175889893308142309e-01
9.175919147111191165e-01
9.180814333799748317e-01
9.184409913402848957e-01
9.183226303733117435e-01
9.183051522471278316e-01
9.183112611442916240e-01
9.179577007914883069e-01
9.182820812248605469e-01
9.185459106440033716e-01
9.186670126724623131e-01
9.188270403529258390e-01
9.189870680333895869e-01
9.190429239857120791e-01
9.192166833136595772e-01
9.195842143267912716e-01
9.196274532695126736e-01
9.196266449928233166e-01
9.199422415134798081e-01
9.201540802739204272e-01
9.204091514344510117e-01
9.206209901948916308e-01
9.209149705155030841e-01
9.205356949994599747e-01
9.208337833459337984e-01
9.209504266119452609e-01
9.213316168275171858e-01
9.216599417655242377e-01
9.219580262487148126e-01
9.218371445228995542e-01
9.220833063419058284e-01
9.217965095202748094e-01
9.218056400367546921e-01
9.217731083738743836e-01
9.221397025842735795e-01
9.224157264603388695e-01
9.226141186212607481e-01
9.229203326087707104e-01
9.232610495807888062e-01
9.232019521785241878e-01
9.235511713933414191e-01
9.237753615065575907e-01
9.236029715940430318e-01
9.238270477109762346e-01
9.240037231108659821e-01
9.242751999448427513e-01
9.242535850747168880e-01
9.244129695920187961e-01
9.248135847301016677e-01
9.249428154198059415e-01
9.251237383853918583e-01
9.252098921785278929e-01
9.254554304889659466e-01
9.256061996269541181e-01
9.258431225580785462e-01
9.261360454547412635e-01
9.259648382499213737e-01
9.258949978262647207e-01
9.257122451964858723e-01
9.259144531350834706e-01
9.262285207843947710e-01
9.260181481959317562e-01
9.261557648475465809e-01
9.263793919064207127e-01
9.267105319743690339e-01
9.265572671031757634e-01
9.268324140273340728e-01
9.268489747854377070e-01
9.272142786537908021e-01
9.274691556976548679e-01
9.277656735467402216e-01
9.275874067296415726e-01
9.278881056398228244e-01
9.281157776718171881e-01
9.282446486333234548e-01
9.283775309469198822e-01
9.279705392552406451e-01
9.277516785721947601e-01
9.275290222700626197e-01
9.277906193847750282e-01
9.280136202038742343e-01
9.277982827282585943e-01
9.281069286727795520e-01
9.281497961650739814e-01
9.282108420827084316e-01
9.283094064709663806e-01
9.285065352474822786e-01
9.285389869143821917e-01
9.285169702057669561e-01
9.287482652868914723e-01
9.286582911560430365e-01
9.286946545605541115e-01
9.289019196610096563e-01
9.284357838189251089e-01
9.275488625440564405e-01
9.278222791840222694e-01
9.275450201346868706e-01
9.276688602016458507e-01
9.278311333928335181e-01
9.279421624183830097e-01
9.281684908166184522e-01
9.284247116448096637e-01
9.288005021928232852e-01
9.290524526738779265e-01
9.292147258650657049e-01
9.289491994245930861e-01
9.292437326321451030e-01
9.294315509094246419e-01
9.295766832145951897e-01
9.298712164221472065e-01
9.300675718938484771e-01
9.301614810324881910e-01
9.303535679069787623e-01
9.303644588596791110e-01
9.303191784387092600e-01
9.305026388432607876e-01
9.307031653319566278e-01
9.308738261733999764e-01
9.311298174355647772e-01
9.312578130666472331e-01
9.315308704129565687e-01
9.314767032732700347e-01
9.318221558801578208e-01
9.319276851575492016e-01
9.315394152156408758e-01
9.317993004401006196e-01
9.320213830852128734e-01
9.322982557025110140e-01
9.324941963239835596e-01
9.327242135752773500e-01
9.329116350392945289e-01
9.323438171551124976e-01
9.317072756023327962e-01
9.315248936649372924e-01
9.318520784733641538e-01
9.315780084608979994e-01
9.317436585738799737e-01
9.319602779523946667e-01
9.315551744339070073e-01
9.318862974503527852e-01
9.322089301330436228e-01
9.322216656336761442e-01
9.321003110848925521e-01
9.321513273172365999e-01
9.322361805847239058e-01
9.322955778719649311e-01
9.324058871196982956e-01
9.326392336052879983e-01
9.328655486783103967e-01
9.331667522197851783e-01
9.333661404796347316e-01
9.336121940768958849e-01
9.337790201958928726e-01
9.336063870833704037e-01
9.334624693231381443e-01
9.337083080783463718e-01
9.338185116582672363e-01
9.339456696350990628e-01
9.340558732150199273e-01
9.339706187685645755e-01
9.340596014423667715e-01
9.342021089556475921e-01
9.340340565010989415e-01
9.343770777133613148e-01
9.345380012450398288e-01
9.343746692911719665e-01
9.342674922024114537e-01
9.344875598308864939e-01
9.347838047153721464e-01
9.347671555145596889e-01
9.345563136322684317e-01
9.344904862579281879e-01
9.345961945031713292e-01
9.345772269401316779e-01
9.346612400840190737e-01
9.341677963167073218e-01
9.343198239857430920e-01
9.344507367007461873e-01
9.346323253054277247e-01
9.349997255055975121e-01
9.350799623309220543e-01
9.351728681286660683e-01
9.352446589723774073e-01
9.354135786046393619e-01
9.353847193136526350e-01
9.355493818820509455e-01
9.357182665675876088e-01
9.359547051273390261e-01
9.361067013443220564e-01
9.361742552185368105e-01
9.364275822468417498e-01
9.368244612578531250e-01
9.370397892319124455e-01
9.371537863946497460e-01
9.374915557657230725e-01
9.376477740998445665e-01
9.377955481996892440e-01
9.380150982908870283e-01
9.382346483820847016e-01
9.383697561305140988e-01
9.385597514017428589e-01
9.387413024386949134e-01
9.387919678443558125e-01
9.390368506383840463e-01
9.391888468553671876e-01
9.393197324866581210e-01
9.394843950550563205e-01
9.396786124434236553e-01
9.400121596973586291e-01
9.401261568600959295e-01
9.402781530770789598e-01
9.403837060055394437e-01
9.402011301437788182e-01
9.399694574048917950e-01
9.402267914244492042e-01
9.403617863199547067e-01
9.407203665111412150e-01
9.405337246864535761e-01
9.407277143796968222e-01
9.409174869056957657e-01
9.408490848452396582e-01
9.409118694799856186e-01
9.409877532092493224e-01
9.413123669399886539e-01
9.412793540012476257e-01
9.412466083556633167e-01
9.408317158507677469e-01
9.401440144014401312e-01
9.400571885118371718e-01
9.399048363639420645e-01
9.399678864761712438e-01
9.397310924369748353e-01
9.396078859610069722e-01
9.396834863541290161e-01
9.394925452094942120e-01
9.398956203368197260e-01
9.401643370883701056e-01
9.403238876596030638e-01
9.405086304262939567e-01
9.405578552296828265e-01
9.405620534177449032e-01
9.407131881879781110e-01
9.407735122020836060e-01
9.408448694162979686e-01
9.405827197784910609e-01
9.406272022551092071e-01
9.408453303802141177e-01
9.406192604768573995e-01
9.407576380211172262e-01
9.408960155653771640e-01
9.407561387553592391e-01
9.409028234712308869e-01
9.410998000896871885e-01
9.413470686107280327e-01
9.415566182048304977e-01
9.416655839937637662e-01
9.417242578801124919e-01
9.419421894579790289e-01
9.417550974239523587e-01
9.419729450060536635e-01
9.421279519394719637e-01
9.422620119899958180e-01
9.424002614170985392e-01
9.422660552379755750e-01
9.425340787737923609e-01
9.425843331867579389e-01
9.428900475322988806e-01
9.429779927549888363e-01
9.428045130094404591e-01
9.428756829171289766e-01
9.429677851506080843e-01
9.431184978963013110e-01
9.432692106419944267e-01
9.434241098528457492e-01
9.432331771007700372e-01
9.435177435554067404e-01
9.435888851690660273e-01
9.437144291931702789e-01
9.437981252092400020e-01
9.436447077230720737e-01
9.431645230887591991e-01
9.433275911090298615e-01
9.435784649863693252e-01
9.436244585305481047e-01
9.437833453195297873e-01
9.438730716167063051e-01
9.437634008618347448e-01
9.438553521945021174e-01
9.440099976176246077e-01
9.441312061925043464e-01
9.443610845241727780e-01
9.445533464015681835e-01
9.446578365523266019e-01
9.447573602533781978e-01
