1.000000000000000000e+00
1.015509887553315060e+00
9.335866811436844825e-01
9.222908745247148099e-01
9.188728349636542392e-01
9.145496535796765469e-01
9.226686416095785104e-01
9.128098733907863416e-01
9.024841559883424180e-01
9.068193214106635702e-01
8.991088959371695832e-01
8.900819051552069094e-01
8.833565901306610346e-01
8.833747632575756903e-01
8.761454005118186616e-01
8.826457480910062658e-01
8.838122037914690754e-01
8.819830769949978944e-01
8.828011853568326073e-01
8.815349560254690520e-01
8.852042384866061209e-01
8.851856221488123566e-01
8.887032149028692984e-01
8.923547738878749858e-01
8.995753677458656616e-01
9.002031355799781087e-01
9.030781186646844594e-01
9.025142276089417326e-01
9.015025840617623132e-01
8.995536406187037981e-01
9.003979843530105498e-01
8.997330737807666123e-01
8.996159544323460988e-01
9.033428385894577417e-01
9.044823241065123032e-01
9.036784224497536044e-01
9.041523364361878645e-01
9.047352162975901280e-01
9.097638078593641708e-01
9.093615196387576649e-01
9.123367740330804443e-01
9.142044479317361638e-01
9.137074206310913382e-01
9.143567241030763348e-01
9.181086234903594878e-01
9.216286349302394987e-01
9.235334713595583223e-01
9.248585773678351662e-01
9.275442105026627804e-01
9.298481581112025829e-01
9.305070218236962676e-01
9.340873677443256584e-01
9.354424921849735508e-01
9.368530020703934591e-01
9.391934034568424350e-01
9.421316706554141440e-01
9.448479228100155058e-01
9.486194253992583647e-01
9.524127927909392666e-01
9.568499105088212886e-01
9.591934221625961765e-01
9.628031527890056340e-01
9.668536614790687045e-01
9.642967158543250816e-01
9.620617786429147555e-01
9.596142430346733532e-01
9.590237500120631919e-01
9.573399410661665998e-01
9.552151022150549009e-01
9.535631967637235862e-01
9.538078804373241182e-01
9.550506412700774383e-01
9.561440031087795610e-01
9.576052733332105493e-01
9.579578754578753630e-01
9.583094125044424594e-01
9.598642172523962346e-01
9.606232986352906122e-01
9.611938147857960191e-01
9.633565704840274524e-01
9.654628409569653291e-01
9.666449185338779060e-01
9.680609381264199120e-01
9.690578776706791908e-01
9.702917677903949434e-01
9.730712408991586404e-01
9.738969290504765342e-01
9.761590104139133972e-01
9.768065247578704424e-01
9.797605347997575542e-01
9.813758860270895834e-01
9.830909409497108342e-01
9.861137880885214591e-01
9.881035811899923083e-01
9.906722954035874773e-01
9.932304620450485011e-01
9.953480222523983789e-01
9.979489337084856970e-01
1.000122696160486546e+00
1.002849227640138174e+00
1.004550276611227533e+00
1.007185345054482317e+00
1.010235971627221119e+00
1.010848671564367862e+00
1.013375163674391288e+00
1.016357649710351696e+00
1.017973726640763354e+00
1.019566539454781040e+00
1.022554532534140748e+00
1.024745037736182418e+00
1.027150682749404798e+00
1.029976859035172554e+00
1.030870602424597049e+00
1.033592465905557312e+00
1.034993820958951760e+00
1.035946578401800933e+00
1.037100726154942754e+00
1.038251999536339509e+00
1.038858601090360656e+00
1.040350375912995506e+00
1.041317070991377491e+00
1.043298876806730169e+00
1.044778395837071550e+00
1.046509745370162170e+00
1.048146312896977461e+00
1.050786476224914168e+00
1.055133770456072817e+00
1.058332877536509287e+00
1.061530582382206545e+00
1.065994980741121978e+00
1.070354080425783616e+00
1.074682168958888573e+00
1.078084044587472645e+00
1.081837524721849908e+00
1.084920134411385462e+00
1.086987323597755628e+00
1.090821934712242314e+00
1.096347799511002474e+00
1.100434795127990917e+00
1.105208795876208905e+00
1.107418639124916337e+00
1.112054263188157366e+00
1.116678098971092714e+00
1.122293496496595377e+00
1.126681614349775762e+00
1.130601703196984387e+00
1.131154588261169325e+00
1.133787690207572307e+00
1.138701398431816392e+00
1.142758403382698296e+00
1.145977868827333879e+00
1.148919349042558657e+00
1.150704559276783057e+00
1.149805186080881558e+00
1.152929689528735979e+00
1.154033031655336439e+00
1.158119971889782773e+00
1.161626496492801142e+00
1.163407481127780585e+00
1.166608151670869287e+00
1.171238748392627427e+00
1.176603944683745073e+00
1.182210764478092591e+00
1.184794848527916500e+00
1.183908676199666665e+00
1.189525798715866056e+00
1.193697250052819570e+00
1.195590716592359160e+00
1.198088950270039588e+00
1.200519245964555948e+00
1.201510735065612678e+00
1.203394657401606116e+00
1.201863673217691275e+00
1.203505265938508595e+00
1.205118433057316807e+00
1.208023601561048155e+00
1.212192783481046643e+00
1.212828399032704896e+00
1.213985849056603783e+00
1.215094786729857823e+00
1.215181588842876970e+00
1.217576730478951541e+00
1.217897054047226701e+00
1.218619714565382761e+00
1.219697245590395163e+00
1.220191205521547362e+00
1.225537462488315965e+00
1.229172343746129270e+00
1.229945325246285304e+00
1.234374803703564005e+00
1.236870066788099409e+00
1.241421537362553229e+00
1.241708652231324317e+00
1.247464424320828158e+00
1.254808383781592873e+00
1.259222148978246469e+00
1.261595202717045172e+00
1.259317452497303425e+00
1.261269832761578114e+00
1.264558483837415093e+00
1.271962412587412494e+00
1.278923964979147510e+00
1.283932379133973622e+00
1.287272574123989211e+00
1.288063225459840755e+00
1.291116173120729016e+00
1.293919451732690851e+00
1.299942070963070240e+00
1.299705813818012423e+00
1.296840966567748943e+00
1.300129690217231238e+00
1.308948545861297497e+00
1.310773065833733764e+00
1.313585476550680697e+00
1.317291695285193187e+00
1.317902467504532549e+00
1.322565651870787562e+00
1.326206885773672850e+00
1.332040121120363185e+00
1.333910309343835365e+00
1.335639861927895522e+00
1.341625635644523307e+00
1.346234037008079198e+00
1.352591347896280105e+00
1.352770597202890057e+00
1.352258343881153957e+00
1.359838978625928396e+00
1.360834181078331762e+00
1.359744975366938835e+00
1.356819894498869639e+00
1.363346613545816766e+00
1.366232858764957703e+00
1.364967223774626204e+00
1.361287477954144620e+00
1.361210595368958387e+00
1.360701041220938601e+00
1.361201910988182107e+00
1.361923209210549990e+00
1.360213292567518550e+00
1.364550458715596326e+00
1.370272125248103379e+00
1.374284645595661436e+00
1.375386296826712984e+00
1.379425009975868033e+00
1.380058965424818984e+00
1.384197712165713412e+00
1.379703623244627364e+00
1.379510309278350499e+00
1.378058839703051985e+00
1.383107478026229575e+00
1.381381141568009063e+00
1.386771526517442954e+00
1.385936039660286889e+00
1.389322221766082333e+00
1.386112257531984859e+00
1.382916571712693665e+00
1.381713928273561320e+00
1.386202830188679069e+00
1.394045869801315840e+00
1.394937251957524493e+00
1.393946590099522931e+00
1.394131072709488217e+00
1.400831902812623708e+00
1.403725742706159130e+00
1.402671670464191500e+00
1.402789965125436078e+00
1.411154108809469676e+00
1.410677900135076213e+00
1.410249907783106105e+00
1.412896769989760548e+00
1.412170860152135665e+00
1.423864500190041849e+00
1.428365627025859119e+00
1.422056164878871876e+00
1.420864880605707592e+00
1.426961879280296497e+00
1.426684149328319329e+00
1.426886439579073462e+00
1.429800724637681153e+00
1.432688642081988428e+00
1.438429093153644311e+00
1.442867171047500285e+00
1.443310865745233151e+00
1.443008877615725938e+00
1.445775418189578998e+00
1.447231042462730821e+00
1.449941618920900455e+00
1.454141281080191028e+00
1.459722607489597923e+00
1.459897539262618560e+00
1.467449578759254525e+00
1.465729148802378035e+00
1.471954919809276285e+00
1.466949349442379313e+00
1.467603571951398012e+00
1.466898543889642248e+00
1.477532960626625647e+00
1.477737919392276833e+00
1.476525964166413463e+00
1.476161331782851027e+00
1.474943719739723269e+00
1.478721085893963449e+00
1.481602719461143858e+00
1.485176829462044434e+00
1.489910674121200485e+00
1.489153661853266808e+00
1.488054496268048643e+00
1.485630768220186138e+00
1.482135781270638164e+00
1.476905196745807780e+00
1.473570118392529604e+00
1.482310762362172740e+00
1.494219653179190921e+00
1.494593470576003114e+00
1.496238760015395020e+00
1.499982307773964019e+00
1.499518596441179685e+00
1.496284329563812632e+00
1.501107118225706971e+00
1.502782863419992676e+00
1.499963151300759190e+00
1.509846499438412648e+00
1.508935303875735379e+00
1.507885236557096720e+00
1.509384715771696195e+00
1.507175182764089127e+00
1.509005847953216239e+00
1.517985042143168206e+00
1.521692190811307910e+00
1.523821059431524461e+00
1.525046835546143287e+00
1.523233896082609506e+00
1.526858136070186944e+00
1.529306095166478752e+00
1.531242094611687588e+00
1.529728812120697778e+00
1.542372881355932313e+00
1.544590707000261576e+00
1.540656643142068072e+00
1.550373798504806278e+00
1.553279611038580921e+00
1.555646481178395879e+00
1.564332734889287924e+00
1.567967260382272299e+00
1.585036271395382057e+00
1.592277361030967509e+00
1.598723943113188994e+00
1.616366888601808327e+00
1.621601246419058118e+00
1.622748718989396766e+00
1.620409207161125131e+00
1.627325973150883565e+00
1.619583333333333375e+00
1.619112627986348141e+00
1.612841905164220213e+00
1.618620542387358530e+00
1.621493310315062608e+00
1.623147340889276258e+00
1.619817942531256882e+00
1.622631053973179638e+00
1.623481328033144822e+00
1.619189813510620191e+00
1.627720962120779324e+00
1.641196978500871539e+00
1.639498064970094982e+00
1.650559390621280764e+00
1.664753850800362533e+00
1.661612471075386788e+00
1.667899864348255212e+00
1.665982969730872121e+00
1.663744520976831343e+00
1.659412061569517816e+00
1.660642698059179079e+00
1.660466906105695140e+00
1.654250177224979135e+00
1.676016367476240720e+00
1.675717042656551303e+00
1.675357838854915515e+00
1.674342996477919288e+00
1.671581677930233933e+00
1.674118539984820186e+00
1.676677583443662467e+00
1.681731650567581005e+00
1.692296667860981874e+00
1.701860194739136745e+00
1.692621755613881618e+00
1.697056870989156918e+00
1.704971962616822490e+00
1.701697472651829468e+00
1.716202745188252443e+00
1.714164349706518431e+00
1.717508391226290065e+00
1.713318106639363458e+00
1.714206172446707033e+00
1.715064539405115163e+00
1.720051872264548587e+00
1.708627546465384395e+00
1.719127930892637046e+00
1.712130005803830679e+00
1.703053498627173701e+00
1.702491819783538807e+00
1.693877551020408045e+00
1.690696293783394255e+00
1.707218097047142003e+00
1.704858088107261027e+00
1.720326936744847046e+00
1.726815240833932341e+00
1.726251924295933993e+00
1.724657534246575308e+00
1.720780415976440159e+00
1.723155452436194945e+00
1.713286060832244884e+00
1.724170526514793522e+00
1.711604095563139971e+00
1.709597405075367060e+00
1.729968883702839522e+00
1.734738085860575207e+00
1.735393481717011355e+00
1.736335372580483094e+00
1.737432992818852995e+00
1.747818946936261941e+00
1.780541794033941194e+00
1.781615302869287820e+00
1.773339030121768634e+00
1.776457883369330526e+00
1.790304891423558198e+00
1.797397976203714220e+00
1.801780482307865583e+00
1.811885714285714100e+00
1.808184438040345565e+00
1.805062115406942835e+00
1.808440797186401161e+00
1.803460044721666655e+00
1.813104189044038916e+00
1.805588870232669896e+00
1.811220162365200448e+00
1.800950176635400357e+00
1.818744583384919844e+00
1.806684060131693137e+00
1.808580030105368941e+00
1.799748585795097444e+00
1.793578561496650403e+00
1.798212005108556832e+00
1.789966641005902082e+00
1.776864809346514251e+00
1.771857216761510534e+00
1.780180888714117060e+00
1.781856595800871634e+00
1.781745502998001163e+00
1.776587195285293186e+00
1.776006484733855695e+00
1.775593775593775625e+00
1.773483702379315297e+00
1.769506974174837710e+00
1.763573407202216003e+00
1.764557670772676223e+00
1.776134262551557486e+00
1.779373743177247835e+00
1.782999709892660434e+00
1.776348487063294845e+00
1.810231023102310211e+00
1.821059038344491787e+00
1.805572472594397126e+00
1.822955390334572545e+00
1.830716080402009949e+00
1.838714808334658946e+00
1.844241257619505969e+00
1.859030837004405301e+00
1.865654398415580006e+00
1.875732708089097311e+00
1.879579375848032363e+00
1.876812830574987156e+00
1.877102643323034670e+00
1.874653739612188508e+00
1.879090113735783163e+00
1.878862793572311674e+00
1.890954594208080097e+00
1.884760366182014035e+00
1.877094972067039125e+00
1.905841164547632083e+00
1.909226467847157549e+00
1.926635071090047280e+00
1.925968326655218554e+00
1.925143953934741026e+00
1.941222265472946740e+00
1.953162055335968095e+00
1.957983193277310852e+00
1.960744637798462309e+00
1.959641255605381049e+00
1.954452195322117447e+00
1.959618968730585831e+00
1.977712363330529799e+00
1.976694915254237239e+00
1.973145780051150933e+00
1.977130528586839242e+00
1.977811616271481165e+00
1.963889493147704668e+00
2.011208249271464243e+00
2.045622119815668327e+00
2.068981698732989205e+00
2.070649596965386419e+00
2.097820823244552102e+00
2.120957788200444671e+00
2.148250692172161802e+00
2.148364189703271254e+00
2.160585817060637126e+00
2.148777348777348717e+00
2.132610939112487447e+00
2.131202909846713567e+00
2.128238680973566943e+00
2.174299568965517349e+00
2.164227642276422614e+00
2.141342756183745699e+00
2.148667216268205671e+00
2.140452538631346435e+00
2.158454647256438985e+00
2.194380733944953921e+00
2.232058823529412095e+00
2.247681723003290166e+00
2.245487364620938564e+00
2.260617170791323183e+00
2.249079754601226888e+00
2.260316475333540076e+00
2.238717709305944492e+00
2.237123115577889454e+00
2.247531060847403506e+00
2.258888170652876504e+00
2.257077774162056460e+00
2.273177169251072272e+00
2.281948615281948367e+00
2.265080428954423741e+00
2.259408602150537515e+00
2.302695231513476326e+00
2.314808301090397258e+00
2.298907296439901327e+00
2.292907801418439639e+00
2.308327351040919240e+00
2.295840867992766654e+00
2.281374321880651035e+00
2.279112081513828159e+00
2.295051698670605766e+00
2.320783132530120696e+00
2.381286549707602340e+00
2.443099273607748145e+00
2.439707673568818347e+00
2.432199918066365818e+00
2.442738589211618461e+00
2.474017743979720851e+00
2.479487179487179560e+00
2.466580976863752994e+00
2.478260869565217739e+00
2.464782608695652577e+00
2.461538461538461231e+00
2.448351648351648535e+00
2.438380281690140539e+00
2.427812223206377240e+00
2.460983310780334055e+00
2.456315074694431999e+00
2.475138121546961223e+00
2.453959484346224684e+00
2.428176795580110792e+00
2.420349907918969201e+00
2.407766990291261955e+00
2.387887193712436407e+00
2.391627906976744100e+00
2.370232558139534706e+00
2.356279069767441836e+00
2.329767441860465471e+00
2.305581395348836882e+00
2.287441860465115884e+00
2.282039289055191489e+00
2.303376129339039569e+00
2.343079922027290429e+00
2.327972709551656916e+00
2.325171400587659143e+00
2.349775784753362906e+00
2.361069087241553621e+00
2.387461459403905195e+00
2.424592748292170530e+00
2.405675249605885302e+00
2.382028376248029211e+00
2.359957961114030667e+00
2.347185691741188851e+00
2.362907536076964021e+00
2.382193268186753699e+00
2.427855153203342553e+00
2.452529846503695321e+00
2.469235192639447796e+00
2.455434157561817266e+00
2.520783847980997638e+00
2.571690054911531131e+00
2.547284929835265110e+00
2.565920398009950532e+00
2.568738229755179070e+00
2.695565850430178934e+00
2.712182061579651915e+00
2.706477732793521884e+00
2.740893470790378483e+00
2.738408304498269441e+00
2.726264726264726157e+00
2.708246708246708323e+00
2.697771587743732713e+00
2.692415730337078816e+00
2.690677966101695073e+00
2.702219040801717931e+00
2.682176091624910441e+00
2.723325974981603892e+00
2.710701107011070032e+00
2.745275888133031028e+00
2.720332577475434999e+00
2.700680272108843649e+00
2.681783824640967318e+00
2.668934240362811572e+00
2.716058960434445613e+00
2.699767261442979294e+00
2.690866510538641787e+00
2.721115537848605381e+00
2.846733668341708601e+00
2.824120603015075393e+00
2.809045226130653550e+00
2.803195962994113000e+00
2.846286701208981196e+00
2.916370106761565939e+00
2.914798206278026438e+00
2.895067264573990773e+00
2.870852017937219447e+00
2.864376130198914794e+00
2.875227686703096364e+00
2.901017576318223767e+00
2.935089369708372864e+00
2.927962085308057016e+00
2.947775628626692512e+00
2.940429687500000000e+00
2.992950654582074321e+00
3.061076604554865632e+00
3.178764897074756401e+00
3.159263271939328543e+00
3.208194905869324209e+00
3.183831672203765173e+00
3.294797687861271918e+00
3.309941520467836629e+00
3.297076023391813049e+00
3.269005847953216914e+00
3.237426900584795320e+00
3.244680851063829863e+00
3.244338498212157251e+00
3.284325637910085582e+00
3.336645962732919024e+00
3.352572145545796634e+00
3.389244558258642570e+00
3.373879641485275638e+00
3.536585365853658125e+00
3.491869918699186393e+00
3.470189701897018697e+00
3.455284552845528268e+00
3.437669376693766932e+00
3.417344173441734245e+00
3.386178861788617489e+00
3.421270718232043873e+00
3.399171270718231774e+00
3.378453038674032793e+00
3.529154518950437414e+00
3.617469879518072418e+00
3.733858267716534840e+00
3.711811023622047401e+00
3.732909379968203378e+00
3.713831478537360731e+00
3.683624801271859983e+00
3.658187599364070230e+00
3.659199999999999786e+00
3.627199999999999758e+00
3.601599999999999913e+00
3.593247588424437033e+00
3.553054662379421025e+00
3.531400966183575019e+00
3.637123745819397680e+00
3.603678929765885997e+00
3.696707105719236885e+00
3.824593128390596952e+00
3.941838649155721797e+00
4.054368932038834750e+00
4.123752495009980201e+00
4.103792415169660757e+00
4.081836327345309101e+00
4.345415778251598304e+00
4.302771855010660396e+00
4.312500000000000000e+00
4.344978165938864656e+00
4.366445916114790826e+00
4.560465116279069697e+00
4.525581395348837077e+00
4.518604651162791086e+00
4.483720930232558466e+00
4.472093023255814259e+00
4.568345323741007213e+00
4.522781774580336034e+00
4.472422062350119631e+00
4.438848920863309289e+00
4.426858513189448452e+00
4.627848101265822578e+00
4.653061224489796643e+00
4.627551020408163573e+00
4.571428571428571175e+00
4.603626943005180827e+00
4.575129533678756744e+00
4.570312500000000000e+00
4.557291666666666963e+00
4.513020833333333037e+00
4.481770833333333037e+00
4.440104166666666075e+00
4.395833333333333037e+00
4.369791666666666963e+00
4.346354166666666075e+00
4.532786885245902120e+00
4.478142076502732216e+00
4.712209302325581106e+00
4.674418604651163101e+00
4.636627906976744207e+00
4.726190476190476275e+00
4.870370370370370239e+00
4.824074074074073515e+00
4.790123456790123413e+00
4.750000000000000000e+00
4.703703703703703276e+00
4.802547770700637209e+00
4.757961783439490944e+00
4.722929936305732213e+00
4.687898089171974370e+00
4.662420382165604948e+00
4.630573248407643838e+00
4.608280254777070262e+00
4.598726114649681840e+00
4.563694267515923997e+00
4.544585987261147153e+00
4.519108280254776844e+00
4.480891719745223156e+00
4.452229299363057002e+00
4.426751592356687581e+00
4.410828025477706582e+00
4.726027397260273766e+00
4.695205479452054576e+00
4.678082191780822185e+00
4.895306859205775574e+00
4.844765342960289267e+00
4.794223826714801184e+00
4.779783393501805477e+00
4.732851985559566543e+00
4.707581227436823390e+00
5.217741935483870996e+00
5.165322580645161032e+00
5.104838709677419040e+00
5.032258064516129004e+00
5.004032258064516014e+00
4.947580645161290036e+00
4.927419354838709076e+00
4.899193548387096087e+00
4.870967741935483986e+00
4.870445344129555210e+00
4.842105263157894690e+00
4.797570850202429682e+00
5.184210526315789380e+00
5.135964912280701178e+00
5.083333333333333037e+00
5.052631578947368141e+00
4.999999999999999112e+00
4.973684210526315930e+00
4.938596491228070207e+00
4.921052631578946901e+00
4.899122807017543657e+00
4.868421052631578760e+00
4.963800904977375694e+00
4.909502262443439236e+00
4.904977375565610309e+00
5.013953488372092870e+00
5.135265700483091500e+00
6.275449101796407803e+00
6.233532934131736702e+00
6.179640718562874113e+00
6.143712574850299646e+00
6.095808383233533689e+00
6.029940119760479611e+00
5.988023952095808511e+00
5.922155688622755321e+00
5.886227544910179077e+00
5.981707317073171382e+00
5.902439024390243816e+00
5.890243902439023849e+00
5.859756097560976151e+00
5.804878048780487632e+00
5.743902439024390461e+00
5.695121951219512368e+00
5.621951219512195230e+00
5.597560975609756184e+00
5.573170731707317138e+00
5.693749999999999645e+00
5.643749999999999822e+00
5.587499999999999467e+00
5.568749999999999645e+00
5.694805194805194759e+00
6.485074626865671377e+00
6.447761194029850706e+00
6.402985074626865725e+00
6.627906976744186274e+00
6.550387596899225784e+00
6.519379844961240345e+00
6.488372093023255793e+00
6.488372093023255793e+00
6.449612403100775104e+00
6.426356589147286691e+00
6.410852713178295303e+00
6.341085271317830063e+00
6.325581395348837788e+00
6.294573643410853236e+00
6.240310077519380272e+00
8.921348314606742491e+00
8.887640449438203305e+00
8.808988764044944020e+00
1.000000000000000000e+01
1.000000000000000000e+01
1.000000000000000000e+01
1.000000000000000000e+01
1.000000000000000000e+01
1.000000000000000000e+01
1.000000000000000000e+01
1.000000000000000000e+01
1.000000000000000000e+01
1.000000000000000000e+01
1.000000000000000000e+01
1.000000000000000000e+01
1.000000000000000000e+01
1.000000000000000000e+01
1.000000000000000000e+01
1.000000000000000000e+01
1.000000000000000000e+01
1.000000000000000000e+01
1.000000000000000000e+01
1.000000000000000000e+01
1.000000000000000000e+01
1.000000000000000000e+01
1.000000000000000000e+01
1.000000000000000000e+01
1.000000000000000000e+01
1.000000000000000000e+01
1.000000000000000000e+01
1.000000000000000000e+01
1.000000000000000000e+01
1.000000000000000000e+01
1.000000000000000000e+01
1.000000000000000000e+01
1.000000000000000000e+01
1.000000000000000000e+01
1.000000000000000000e+01
1.000000000000000000e+01
1.000000000000000000e+01
1.000000000000000000e+01
1.000000000000000000e+01
1.000000000000000000e+01
1.000000000000000000e+01
1.000000000000000000e+01
1.000000000000000000e+01
1.000000000000000000e+01
1.000000000000000000e+01
1.000000000000000000e+01
1.000000000000000000e+01
1.000000000000000000e+01
1.000000000000000000e+01
1.000000000000000000e+01
1.000000000000000000e+01
1.000000000000000000e+01
1.000000000000000000e+01
1.000000000000000000e+01
1.000000000000000000e+01
1.000000000000000000e+01
1.000000000000000000e+01
1.000000000000000000e+01
1.000000000000000000e+01
1.000000000000000000e+01
1.000000000000000000e+01
1.000000000000000000e+01
1.000000000000000000e+01
1.000000000000000000e+01
1.000000000000000000e+01
1.000000000000000000e+01
1.000000000000000000e+01
1.000000000000000000e+01
1.000000000000000000e+01
1.000000000000000000e+01
1.000000000000000000e+01
1.000000000000000000e+01
1.000000000000000000e+01
1.000000000000000000e+01
1.000000000000000000e+01
1.000000000000000000e+01
1.000000000000000000e+01
1.000000000000000000e+01
1.000000000000000000e+01
1.000000000000000000e+01
1.000000000000000000e+01
1.000000000000000000e+01
1.000000000000000000e+01
1.000000000000000000e+01
1.000000000000000000e+01
1.000000000000000000e+01
1.000000000000000000e+01
1.000000000000000000e+01
1.000000000000000000e+01
1.000000000000000000e+01
1.000000000000000000e+01
1.000000000000000000e+01
1.000000000000000000e+01
1.000000000000000000e+01
1.000000000000000000e+01
1.000000000000000000e+01
1.000000000000000000e+01
1.000000000000000000e+01
1.000000000000000000e+01
1.000000000000000000e+01
1.000000000000000000e+01
1.000000000000000000e+01
1.000000000000000000e+01
1.000000000000000000e+01
1.000000000000000000e+01
1.000000000000000000e+01
1.000000000000000000e+01
1.000000000000000000e+01
1.000000000000000000e+01
1.000000000000000000e+01
1.000000000000000000e+01
1.000000000000000000e+01
1.000000000000000000e+01
1.000000000000000000e+01
1.000000000000000000e+01
1.000000000000000000e+01
1.000000000000000000e+01
1.000000000000000000e+01
1.000000000000000000e+01
1.000000000000000000e+01
1.000000000000000000e+01
1.000000000000000000e+01
1.000000000000000000e+01
1.000000000000000000e+01
1.000000000000000000e+01
1.000000000000000000e+01
1.000000000000000000e+01
1.000000000000000000e+01
1.000000000000000000e+01
1.000000000000000000e+01
1.000000000000000000e+01
1.000000000000000000e+01
1.000000000000000000e+01
1.000000000000000000e+01
1.000000000000000000e+01
1.000000000000000000e+01
1.000000000000000000e+01
1.000000000000000000e+01
1.000000000000000000e+01
1.000000000000000000e+01
1.000000000000000000e+01
1.000000000000000000e+01
1.000000000000000000e+01
1.000000000000000000e+01
1.000000000000000000e+01
1.000000000000000000e+01
1.000000000000000000e+01
1.000000000000000000e+01
1.000000000000000000e+01
1.000000000000000000e+01
1.000000000000000000e+01
1.000000000000000000e+01
1.000000000000000000e+01
1.000000000000000000e+01
1.000000000000000000e+01
1.000000000000000000e+01
1.000000000000000000e+01
1.000000000000000000e+01
1.000000000000000000e+01
1.000000000000000000e+01
1.000000000000000000e+01
1.000000000000000000e+01
1.000000000000000000e+01
1.000000000000000000e+01
1.000000000000000000e+01
1.000000000000000000e+01
1.000000000000000000e+01
1.000000000000000000e+01
1.000000000000000000e+01
1.000000000000000000e+01
1.000000000000000000e+01
1.000000000000000000e+01
1.000000000000000000e+01
1.000000000000000000e+01
1.000000000000000000e+01
1.000000000000000000e+01
1.000000000000000000e+01
1.000000000000000000e+01
1.000000000000000000e+01
1.000000000000000000e+01
1.000000000000000000e+01
1.000000000000000000e+01
1.000000000000000000e+01
1.000000000000000000e+01
1.000000000000000000e+01
1.000000000000000000e+01
1.000000000000000000e+01
1.000000000000000000e+01
1.000000000000000000e+01
1.000000000000000000e+01
1.000000000000000000e+01
1.000000000000000000e+01
1.000000000000000000e+01
1.000000000000000000e+01
1.000000000000000000e+01
1.000000000000000000e+01
1.000000000000000000e+01
1.000000000000000000e+01
1.000000000000000000e+01
1.000000000000000000e+01
1.000000000000000000e+01
1.000000000000000000e+01
1.000000000000000000e+01
1.000000000000000000e+01
1.000000000000000000e+01
1.000000000000000000e+01
1.000000000000000000e+01
1.000000000000000000e+01
1.000000000000000000e+01
1.000000000000000000e+01
1.000000000000000000e+01
1.000000000000000000e+01
1.000000000000000000e+01
1.000000000000000000e+01
1.000000000000000000e+01
1.000000000000000000e+01
1.000000000000000000e+01
1.000000000000000000e+01
1.000000000000000000e+01
1.000000000000000000e+01
1.000000000000000000e+01
1.000000000000000000e+01
1.000000000000000000e+01
1.000000000000000000e+01
1.000000000000000000e+01
1.000000000000000000e+01
1.000000000000000000e+01
1.000000000000000000e+01
1.000000000000000000e+01
1.000000000000000000e+01
1.000000000000000000e+01
1.000000000000000000e+01
1.000000000000000000e+01
1.000000000000000000e+01
1.000000000000000000e+01
1.000000000000000000e+01
1.000000000000000000e+01
1.000000000000000000e+01
1.000000000000000000e+01
1.000000000000000000e+01
1.000000000000000000e+01
1.000000000000000000e+01
1.000000000000000000e+01
1.000000000000000000e+01
1.000000000000000000e+01
1.000000000000000000e+01
1.000000000000000000e+01
1.000000000000000000e+01
1.000000000000000000e+01
1.000000000000000000e+01
1.000000000000000000e+01
1.000000000000000000e+01
1.000000000000000000e+01
1.000000000000000000e+01
1.000000000000000000e+01
1.000000000000000000e+01
1.000000000000000000e+01
1.000000000000000000e+01
1.000000000000000000e+01
1.000000000000000000e+01
1.000000000000000000e+01
1.000000000000000000e+01
1.000000000000000000e+01
1.000000000000000000e+01
1.000000000000000000e+01
1.000000000000000000e+01
1.000000000000000000e+01
1.000000000000000000e+01
1.000000000000000000e+01
1.000000000000000000e+01
1.000000000000000000e+01
1.000000000000000000e+01
1.000000000000000000e+01
1.000000000000000000e+01
1.000000000000000000e+01
1.000000000000000000e+01
1.000000000000000000e+01
1.000000000000000000e+01
1.000000000000000000e+01
1.000000000000000000e+01
1.000000000000000000e+01
1.000000000000000000e+01
1.000000000000000000e+01
1.000000000000000000e+01
1.000000000000000000e+01
1.000000000000000000e+01
1.000000000000000000e+01
1.000000000000000000e+01
1.000000000000000000e+01
1.000000000000000000e+01
1.000000000000000000e+01
1.000000000000000000e+01
1.000000000000000000e+01
1.000000000000000000e+01
1.000000000000000000e+01
1.000000000000000000e+01
1.000000000000000000e+01
1.000000000000000000e+01
1.000000000000000000e+01
1.000000000000000000e+01
1.000000000000000000e+01
1.000000000000000000e+01
1.000000000000000000e+01
1.000000000000000000e+01
1.000000000000000000e+01
1.000000000000000000e+01
1.000000000000000000e+01
1.000000000000000000e+01
1.000000000000000000e+01
1.000000000000000000e+01
1.000000000000000000e+01
1.000000000000000000e+01
1.000000000000000000e+01
1.000000000000000000e+01
1.000000000000000000e+01
1.000000000000000000e+01
1.000000000000000000e+01
1.000000000000000000e+01
1.000000000000000000e+01
1.000000000000000000e+01
1.000000000000000000e+01
1.000000000000000000e+01
1.000000000000000000e+01
1.000000000000000000e+01
1.000000000000000000e+01
1.000000000000000000e+01
1.000000000000000000e+01
1.000000000000000000e+01
1.000000000000000000e+01
1.000000000000000000e+01
1.000000000000000000e+01
1.000000000000000000e+01
1.000000000000000000e+01
1.000000000000000000e+01
1.000000000000000000e+01
1.000000000000000000e+01
1.000000000000000000e+01
1.000000000000000000e+01
1.000000000000000000e+01
1.000000000000000000e+01
1.000000000000000000e+01
1.000000000000000000e+01
1.000000000000000000e+01
1.000000000000000000e+01
1.000000000000000000e+01
1.000000000000000000e+01
1.000000000000000000e+01
1.000000000000000000e+01
1.000000000000000000e+01
1.000000000000000000e+01
1.000000000000000000e+01
1.000000000000000000e+01
1.000000000000000000e+01
1.000000000000000000e+01
1.000000000000000000e+01
1.000000000000000000e+01
1.000000000000000000e+01
1.000000000000000000e+01
1.000000000000000000e+01
1.000000000000000000e+01
1.000000000000000000e+01
1.000000000000000000e+01
1.000000000000000000e+01
1.000000000000000000e+01
1.000000000000000000e+01
1.000000000000000000e+01
1.000000000000000000e+01
1.000000000000000000e+01
1.000000000000000000e+01
1.000000000000000000e+01
1.000000000000000000e+01
1.000000000000000000e+01
1.000000000000000000e+01
1.000000000000000000e+01
1.000000000000000000e+01
1.000000000000000000e+01
1.000000000000000000e+01
1.000000000000000000e+01
1.000000000000000000e+01
1.000000000000000000e+01
1.000000000000000000e+01
1.000000000000000000e+01
1.000000000000000000e+01
1.000000000000000000e+01
1.000000000000000000e+01
1.000000000000000000e+01
1.000000000000000000e+01
1.000000000000000000e+01
1.000000000000000000e+01
1.000000000000000000e+01
1.000000000000000000e+01
1.000000000000000000e+01
1.000000000000000000e+01
1.000000000000000000e+01
1.000000000000000000e+01
1.000000000000000000e+01
1.000000000000000000e+01
1.000000000000000000e+01
1.000000000000000000e+01
1.000000000000000000e+01
1.000000000000000000e+01
1.000000000000000000e+01
1.000000000000000000e+01
1.000000000000000000e+01
1.000000000000000000e+01
1.000000000000000000e+01
1.000000000000000000e+01
1.000000000000000000e+01
1.000000000000000000e+01
1.000000000000000000e+01
1.000000000000000000e+01
1.000000000000000000e+01
1.000000000000000000e+01
1.000000000000000000e+01
1.000000000000000000e+01
1.000000000000000000e+01
1.000000000000000000e+01
1.000000000000000000e+01
1.000000000000000000e+01
1.000000000000000000e+01
1.000000000000000000e+01
1.000000000000000000e+01
1.000000000000000000e+01
1.000000000000000000e+01
1.000000000000000000e+01
1.000000000000000000e+01
1.000000000000000000e+01
1.000000000000000000e+01
1.000000000000000000e+01
1.000000000000000000e+01
1.000000000000000000e+01
1.000000000000000000e+01
1.000000000000000000e+01
1.000000000000000000e+01
1.000000000000000000e+01
1.000000000000000000e+01
1.000000000000000000e+01
1.000000000000000000e+01
1.000000000000000000e+01
1.000000000000000000e+01
1.000000000000000000e+01
1.000000000000000000e+01
1.000000000000000000e+01
1.000000000000000000e+01
1.000000000000000000e+01
1.000000000000000000e+01
1.000000000000000000e+01
1.000000000000000000e+01
1.000000000000000000e+01
1.000000000000000000e+01
1.000000000000000000e+01
1.000000000000000000e+01
1.000000000000000000e+01
1.000000000000000000e+01
1.000000000000000000e+01
1.000000000000000000e+01
1.000000000000000000e+01
1.000000000000000000e+01
1.000000000000000000e+01
1.000000000000000000e+01
1.000000000000000000e+01
1.000000000000000000e+01
1.000000000000000000e+01
1.000000000000000000e+01
1.000000000000000000e+01
1.000000000000000000e+01
1.000000000000000000e+01
1.000000000000000000e+01
1.000000000000000000e+01
1.000000000000000000e+01
1.000000000000000000e+01
1.000000000000000000e+01
1.000000000000000000e+01
1.000000000000000000e+01
1.000000000000000000e+01
1.000000000000000000e+01
1.000000000000000000e+01
1.000000000000000000e+01
1.000000000000000000e+01
1.000000000000000000e+01
1.000000000000000000e+01
1.000000000000000000e+01
1.000000000000000000e+01
1.000000000000000000e+01
1.000000000000000000e+01
1.000000000000000000e+01
1.000000000000000000e+01
1.000000000000000000e+01
1.000000000000000000e+01
1.000000000000000000e+01
1.000000000000000000e+01
1.000000000000000000e+01
1.000000000000000000e+01
1.000000000000000000e+01
1.000000000000000000e+01
1.000000000000000000e+01
1.000000000000000000e+01
1.000000000000000000e+01
1.000000000000000000e+01
1.000000000000000000e+01
1.000000000000000000e+01
1.000000000000000000e+01
1.000000000000000000e+01
1.000000000000000000e+01
1.000000000000000000e+01
1.000000000000000000e+01
1.000000000000000000e+01
1.000000000000000000e+01
1.000000000000000000e+01
1.000000000000000000e+01
1.000000000000000000e+01
1.000000000000000000e+01
1.000000000000000000e+01
1.000000000000000000e+01
1.000000000000000000e+01
1.000000000000000000e+01
1.000000000000000000e+01
1.000000000000000000e+01
1.000000000000000000e+01
1.000000000000000000e+01
1.000000000000000000e+01
1.000000000000000000e+01
1.000000000000000000e+01
1.000000000000000000e+01
1.000000000000000000e+01
1.000000000000000000e+01
1.000000000000000000e+01
1.000000000000000000e+01
1.000000000000000000e+01
1.000000000000000000e+01
1.000000000000000000e+01
1.000000000000000000e+01
1.000000000000000000e+01
1.000000000000000000e+01
1.000000000000000000e+01
1.000000000000000000e+01
1.000000000000000000e+01
1.000000000000000000e+01
1.000000000000000000e+01
1.000000000000000000e+01
1.000000000000000000e+01
1.000000000000000000e+01
1.000000000000000000e+01
1.000000000000000000e+01
1.000000000000000000e+01
1.000000000000000000e+01
1.000000000000000000e+01
1.000000000000000000e+01
1.000000000000000000e+01
1.000000000000000000e+01
1.000000000000000000e+01
1.000000000000000000e+01
1.000000000000000000e+01
1.000000000000000000e+01
1.000000000000000000e+01
1.000000000000000000e+01
1.000000000000000000e+01
1.000000000000000000e+01
1.000000000000000000e+01
1.000000000000000000e+01
1.000000000000000000e+01
1.000000000000000000e+01
1.000000000000000000e+01
1.000000000000000000e+01
1.000000000000000000e+01
1.000000000000000000e+01
1.000000000000000000e+01
1.000000000000000000e+01
1.000000000000000000e+01
1.000000000000000000e+01
1.000000000000000000e+01
1.000000000000000000e+01
1.000000000000000000e+01
1.000000000000000000e+01
1.000000000000000000e+01
1.000000000000000000e+01
1.000000000000000000e+01
1.000000000000000000e+01
1.000000000000000000e+01
1.000000000000000000e+01
1.000000000000000000e+01
1.000000000000000000e+01
1.000000000000000000e+01
1.000000000000000000e+01
1.000000000000000000e+01
1.000000000000000000e+01
1.000000000000000000e+01
1.000000000000000000e+01
1.000000000000000000e+01
1.000000000000000000e+01
1.000000000000000000e+01
1.000000000000000000e+01
1.000000000000000000e+01
1.000000000000000000e+01
1.000000000000000000e+01
1.000000000000000000e+01
1.000000000000000000e+01
1.000000000000000000e+01
1.000000000000000000e+01
1.000000000000000000e+01
1.000000000000000000e+01
1.000000000000000000e+01
1.000000000000000000e+01
1.000000000000000000e+01
1.000000000000000000e+01
1.000000000000000000e+01
1.000000000000000000e+01
1.000000000000000000e+01
1.000000000000000000e+01
1.000000000000000000e+01
1.000000000000000000e+01
1.000000000000000000e+01
1.000000000000000000e+01
1.000000000000000000e+01
1.000000000000000000e+01
1.000000000000000000e+01
1.000000000000000000e+01
1.000000000000000000e+01
1.000000000000000000e+01
1.000000000000000000e+01
1.000000000000000000e+01
1.000000000000000000e+01
1.000000000000000000e+01
1.000000000000000000e+01
1.000000000000000000e+01
1.000000000000000000e+01
1.000000000000000000e+01
1.000000000000000000e+01
1.000000000000000000e+01
1.000000000000000000e+01
1.000000000000000000e+01
1.000000000000000000e+01
1.000000000000000000e+01
1.000000000000000000e+01
1.000000000000000000e+01
1.000000000000000000e+01
1.000000000000000000e+01
1.000000000000000000e+01
1.000000000000000000e+01
1.000000000000000000e+01
1.000000000000000000e+01
1.000000000000000000e+01
1.000000000000000000e+01
1.000000000000000000e+01
1.000000000000000000e+01
1.000000000000000000e+01
1.000000000000000000e+01
1.000000000000000000e+01
1.000000000000000000e+01
1.000000000000000000e+01
1.000000000000000000e+01
1.000000000000000000e+01
1.000000000000000000e+01
1.000000000000000000e+01
1.000000000000000000e+01
1.000000000000000000e+01
1.000000000000000000e+01
1.000000000000000000e+01
1.000000000000000000e+01
1.000000000000000000e+01
1.000000000000000000e+01
1.000000000000000000e+01
1.000000000000000000e+01
1.000000000000000000e+01
1.000000000000000000e+01
1.000000000000000000e+01
1.000000000000000000e+01
1.000000000000000000e+01
1.000000000000000000e+01
1.000000000000000000e+01
1.000000000000000000e+01
1.000000000000000000e+01
1.000000000000000000e+01
1.000000000000000000e+01
1.000000000000000000e+01
1.000000000000000000e+01
1.000000000000000000e+01
1.000000000000000000e+01
1.000000000000000000e+01
1.000000000000000000e+01
1.000000000000000000e+01
1.000000000000000000e+01
1.000000000000000000e+01
1.000000000000000000e+01
1.000000000000000000e+01
1.000000000000000000e+01
1.000000000000000000e+01
1.000000000000000000e+01
1.000000000000000000e+01
1.000000000000000000e+01
1.000000000000000000e+01
1.000000000000000000e+01
1.000000000000000000e+01
1.000000000000000000e+01
1.000000000000000000e+01
1.000000000000000000e+01
1.000000000000000000e+01
1.000000000000000000e+01
1.000000000000000000e+01
1.000000000000000000e+01
1.000000000000000000e+01
1.000000000000000000e+01
1.000000000000000000e+01
1.000000000000000000e+01
1.000000000000000000e+01
1.000000000000000000e+01
1.000000000000000000e+01
1.000000000000000000e+01
1.000000000000000000e+01
1.000000000000000000e+01
1.000000000000000000e+01
1.000000000000000000e+01
1.000000000000000000e+01
1.000000000000000000e+01
1.000000000000000000e+01
1.000000000000000000e+01
1.000000000000000000e+01
1.000000000000000000e+01
1.000000000000000000e+01
1.000000000000000000e+01
1.000000000000000000e+01
1.000000000000000000e+01
1.000000000000000000e+01
1.000000000000000000e+01
1.000000000000000000e+01
1.000000000000000000e+01
1.000000000000000000e+01
1.000000000000000000e+01
1.000000000000000000e+01
1.000000000000000000e+01
1.000000000000000000e+01
1.000000000000000000e+01
1.000000000000000000e+01
1.000000000000000000e+01
1.000000000000000000e+01
1.000000000000000000e+01
1.000000000000000000e+01
1.000000000000000000e+01
1.000000000000000000e+01
1.000000000000000000e+01
1.000000000000000000e+01
1.000000000000000000e+01
1.000000000000000000e+01
1.000000000000000000e+01
1.000000000000000000e+01
1.000000000000000000e+01
1.000000000000000000e+01
1.000000000000000000e+01
1.000000000000000000e+01
1.000000000000000000e+01
1.000000000000000000e+01
1.000000000000000000e+01
1.000000000000000000e+01
1.000000000000000000e+01
1.000000000000000000e+01
1.000000000000000000e+01
1.000000000000000000e+01
1.000000000000000000e+01
1.000000000000000000e+01
1.000000000000000000e+01
1.000000000000000000e+01
1.000000000000000000e+01
1.000000000000000000e+01
1.000000000000000000e+01
1.000000000000000000e+01
1.000000000000000000e+01
1.000000000000000000e+01
1.000000000000000000e+01
1.000000000000000000e+01
1.000000000000000000e+01
1.000000000000000000e+01
1.000000000000000000e+01
1.000000000000000000e+01
1.000000000000000000e+01
1.000000000000000000e+01
1.000000000000000000e+01
1.000000000000000000e+01
1.000000000000000000e+01
1.000000000000000000e+01
1.000000000000000000e+01
1.000000000000000000e+01
1.000000000000000000e+01
1.000000000000000000e+01
1.000000000000000000e+01
1.000000000000000000e+01
1.000000000000000000e+01
1.000000000000000000e+01
1.000000000000000000e+01
1.000000000000000000e+01
1.000000000000000000e+01
1.000000000000000000e+01
1.000000000000000000e+01
1.000000000000000000e+01
1.000000000000000000e+01
1.000000000000000000e+01
1.000000000000000000e+01
1.000000000000000000e+01
1.000000000000000000e+01
1.000000000000000000e+01
1.000000000000000000e+01
1.000000000000000000e+01
1.000000000000000000e+01
1.000000000000000000e+01
1.000000000000000000e+01
1.000000000000000000e+01
1.000000000000000000e+01
1.000000000000000000e+01
1.000000000000000000e+01
1.000000000000000000e+01
1.000000000000000000e+01
1.000000000000000000e+01
1.000000000000000000e+01
1.000000000000000000e+01
1.000000000000000000e+01
1.000000000000000000e+01
1.000000000000000000e+01
1.000000000000000000e+01
1.000000000000000000e+01
1.000000000000000000e+01
1.000000000000000000e+01
1.000000000000000000e+01
1.000000000000000000e+01
1.000000000000000000e+01
1.000000000000000000e+01
1.000000000000000000e+01
1.000000000000000000e+01
1.000000000000000000e+01
1.000000000000000000e+01
1.000000000000000000e+01
1.000000000000000000e+01
1.000000000000000000e+01
1.000000000000000000e+01
1.000000000000000000e+01
1.000000000000000000e+01
1.000000000000000000e+01
1.000000000000000000e+01
1.000000000000000000e+01
1.000000000000000000e+01
1.000000000000000000e+01
1.000000000000000000e+01
1.000000000000000000e+01
1.000000000000000000e+01
1.000000000000000000e+01
1.000000000000000000e+01
1.000000000000000000e+01
1.000000000000000000e+01
1.000000000000000000e+01
1.000000000000000000e+01
1.000000000000000000e+01
1.000000000000000000e+01
1.000000000000000000e+01
1.000000000000000000e+01
1.000000000000000000e+01
1.000000000000000000e+01
1.000000000000000000e+01
1.000000000000000000e+01
1.000000000000000000e+01
1.000000000000000000e+01
1.000000000000000000e+01
1.000000000000000000e+01
1.000000000000000000e+01
1.000000000000000000e+01
1.000000000000000000e+01
1.000000000000000000e+01
1.000000000000000000e+01
1.000000000000000000e+01
1.000000000000000000e+01
1.000000000000000000e+01
1.000000000000000000e+01
1.000000000000000000e+01
1.000000000000000000e+01
1.000000000000000000e+01
1.000000000000000000e+01
1.000000000000000000e+01
1.000000000000000000e+01
1.000000000000000000e+01
1.000000000000000000e+01
1.000000000000000000e+01
1.000000000000000000e+01
1.000000000000000000e+01
1.000000000000000000e+01
1.000000000000000000e+01
1.000000000000000000e+01
1.000000000000000000e+01
1.000000000000000000e+01
1.000000000000000000e+01
1.000000000000000000e+01
1.000000000000000000e+01
1.000000000000000000e+01
1.000000000000000000e+01
1.000000000000000000e+01
1.000000000000000000e+01
1.000000000000000000e+01
1.000000000000000000e+01
1.000000000000000000e+01
1.000000000000000000e+01
1.000000000000000000e+01
1.000000000000000000e+01
1.000000000000000000e+01
1.000000000000000000e+01
1.000000000000000000e+01
1.000000000000000000e+01
1.000000000000000000e+01
1.000000000000000000e+01
1.000000000000000000e+01
1.000000000000000000e+01
1.000000000000000000e+01
1.000000000000000000e+01
1.000000000000000000e+01
1.000000000000000000e+01
1.000000000000000000e+01
1.000000000000000000e+01
1.000000000000000000e+01
1.000000000000000000e+01
1.000000000000000000e+01
1.000000000000000000e+01
1.000000000000000000e+01
1.000000000000000000e+01
1.000000000000000000e+01
1.000000000000000000e+01
1.000000000000000000e+01
1.000000000000000000e+01
1.000000000000000000e+01
1.000000000000000000e+01
1.000000000000000000e+01
1.000000000000000000e+01
1.000000000000000000e+01
1.000000000000000000e+01
1.000000000000000000e+01
1.000000000000000000e+01
1.000000000000000000e+01
1.000000000000000000e+01
1.000000000000000000e+01
1.000000000000000000e+01
1.000000000000000000e+01
1.000000000000000000e+01
1.000000000000000000e+01
1.000000000000000000e+01
1.000000000000000000e+01
1.000000000000000000e+01
1.000000000000000000e+01
1.000000000000000000e+01
1.000000000000000000e+01
1.000000000000000000e+01
1.000000000000000000e+01
1.000000000000000000e+01
1.000000000000000000e+01
1.000000000000000000e+01
1.000000000000000000e+01
1.000000000000000000e+01
1.000000000000000000e+01
1.000000000000000000e+01
1.000000000000000000e+01
1.000000000000000000e+01
1.000000000000000000e+01
1.000000000000000000e+01
1.000000000000000000e+01
1.000000000000000000e+01
1.000000000000000000e+01
1.000000000000000000e+01
1.000000000000000000e+01
1.000000000000000000e+01
1.000000000000000000e+01
1.000000000000000000e+01
1.000000000000000000e+01
1.000000000000000000e+01
1.000000000000000000e+01
1.000000000000000000e+01
1.000000000000000000e+01
1.000000000000000000e+01
1.000000000000000000e+01
1.000000000000000000e+01
1.000000000000000000e+01
1.000000000000000000e+01
1.000000000000000000e+01
1.000000000000000000e+01
1.000000000000000000e+01
1.000000000000000000e+01
1.000000000000000000e+01
1.000000000000000000e+01
1.000000000000000000e+01
1.000000000000000000e+01
1.000000000000000000e+01
1.000000000000000000e+01
1.000000000000000000e+01
1.000000000000000000e+01
1.000000000000000000e+01
1.000000000000000000e+01
1.000000000000000000e+01
1.000000000000000000e+01
1.000000000000000000e+01
1.000000000000000000e+01
1.000000000000000000e+01
1.000000000000000000e+01
1.000000000000000000e+01
1.000000000000000000e+01
1.000000000000000000e+01
1.000000000000000000e+01
1.000000000000000000e+01
1.000000000000000000e+01
1.000000000000000000e+01
1.000000000000000000e+01
1.000000000000000000e+01
1.000000000000000000e+01
