1.090510000000000000e+06
1.077450000000000000e+06
1.064604000000000000e+06
1.051408000000000000e+06
1.038653000000000000e+06
1.025856000000000000e+06
1.013870000000000000e+06
1.001992000000000000e+06
9.899090000000000000e+05
9.784010000000000000e+05
9.669520000000000000e+05
9.551370000000000000e+05
9.435210000000000000e+05
9.324500000000000000e+05
9.216240000000000000e+05
9.108040000000000000e+05
9.001350000000000000e+05
8.895480000000000000e+05
8.791210000000000000e+05
8.689320000000000000e+05
8.585900000000000000e+05
8.490240000000000000e+05
8.386940000000000000e+05
8.290350000000000000e+05
8.195920000000000000e+05
8.099790000000000000e+05
8.004590000000000000e+05
7.911600000000000000e+05
7.817350000000000000e+05
7.723560000000000000e+05
7.633960000000000000e+05
7.546270000000000000e+05
7.457340000000000000e+05
7.368240000000000000e+05
7.280860000000000000e+05
7.196250000000000000e+05
7.111490000000000000e+05
7.024500000000000000e+05
6.945620000000000000e+05
6.864930000000000000e+05
6.784290000000000000e+05
6.705390000000000000e+05
6.626970000000000000e+05
6.547870000000000000e+05
6.471590000000000000e+05
6.394660000000000000e+05
6.319060000000000000e+05
6.246950000000000000e+05
6.174590000000000000e+05
6.099890000000000000e+05
6.026990000000000000e+05
5.957610000000000000e+05
5.887790000000000000e+05
5.820260000000000000e+05
5.752380000000000000e+05
5.683260000000000000e+05
5.614950000000000000e+05
5.545420000000000000e+05
5.480190000000000000e+05
5.414060000000000000e+05
5.348080000000000000e+05
5.283820000000000000e+05
5.218900000000000000e+05
5.156420000000000000e+05
5.091790000000000000e+05
5.027980000000000000e+05
4.965240000000000000e+05
4.903700000000000000e+05
4.841940000000000000e+05
4.783230000000000000e+05
4.726670000000000000e+05
4.667820000000000000e+05
4.610770000000000000e+05
4.554380000000000000e+05
4.500240000000000000e+05
4.445060000000000000e+05
4.389250000000000000e+05
4.333840000000000000e+05
4.281690000000000000e+05
4.230450000000000000e+05
4.179380000000000000e+05
4.129620000000000000e+05
4.077770000000000000e+05
4.026090000000000000e+05
3.976570000000000000e+05
3.928710000000000000e+05
3.880220000000000000e+05
3.831240000000000000e+05
3.782300000000000000e+05
3.733580000000000000e+05
3.685850000000000000e+05
3.637090000000000000e+05
3.588970000000000000e+05
3.541530000000000000e+05
3.493590000000000000e+05
3.448400000000000000e+05
3.402490000000000000e+05
3.358670000000000000e+05
3.317320000000000000e+05
3.274190000000000000e+05
3.232490000000000000e+05
3.190090000000000000e+05
3.148920000000000000e+05
3.109990000000000000e+05
3.070770000000000000e+05
3.031820000000000000e+05
2.992580000000000000e+05
2.952250000000000000e+05
2.914030000000000000e+05
2.874170000000000000e+05
2.837050000000000000e+05
2.799600000000000000e+05
2.762880000000000000e+05
2.725540000000000000e+05
2.689950000000000000e+05
2.653670000000000000e+05
2.616500000000000000e+05
2.579660000000000000e+05
2.545040000000000000e+05
2.511940000000000000e+05
2.480690000000000000e+05
2.448280000000000000e+05
2.414130000000000000e+05
2.381010000000000000e+05
2.349310000000000000e+05
2.317610000000000000e+05
2.287840000000000000e+05
2.257610000000000000e+05
2.227030000000000000e+05
2.195880000000000000e+05
2.166400000000000000e+05
2.137640000000000000e+05
2.108090000000000000e+05
2.079260000000000000e+05
2.051160000000000000e+05
2.024100000000000000e+05
1.996450000000000000e+05
1.969400000000000000e+05
1.942400000000000000e+05
1.914570000000000000e+05
1.887870000000000000e+05
1.860800000000000000e+05
1.835250000000000000e+05
1.809900000000000000e+05
1.784470000000000000e+05
1.759700000000000000e+05
1.734280000000000000e+05
1.710380000000000000e+05
1.685660000000000000e+05
1.661710000000000000e+05
1.639100000000000000e+05
1.615740000000000000e+05
1.593160000000000000e+05
1.570500000000000000e+05
1.547320000000000000e+05
1.525670000000000000e+05
1.503560000000000000e+05
1.481940000000000000e+05
1.459800000000000000e+05
1.437860000000000000e+05
1.417320000000000000e+05
1.395960000000000000e+05
1.376510000000000000e+05
1.356220000000000000e+05
1.337290000000000000e+05
1.318940000000000000e+05
1.300220000000000000e+05
1.281270000000000000e+05
1.262970000000000000e+05
1.244550000000000000e+05
1.226860000000000000e+05
1.210580000000000000e+05
1.194520000000000000e+05
1.176780000000000000e+05
1.159180000000000000e+05
1.142770000000000000e+05
1.125890000000000000e+05
1.108700000000000000e+05
1.092580000000000000e+05
1.076550000000000000e+05
1.060850000000000000e+05
1.045690000000000000e+05
1.030830000000000000e+05
1.015360000000000000e+05
1.000580000000000000e+05
9.853200000000000000e+04
9.701900000000000000e+04
9.566500000000000000e+04
9.427700000000000000e+04
9.287400000000000000e+04
9.151600000000000000e+04
9.014800000000000000e+04
8.892200000000000000e+04
8.762800000000000000e+04
8.633900000000000000e+04
8.509800000000000000e+04
8.386400000000000000e+04
8.260400000000000000e+04
8.137100000000000000e+04
8.016700000000000000e+04
7.901200000000000000e+04
7.791400000000000000e+04
7.673600000000000000e+04
7.560000000000000000e+04
7.450200000000000000e+04
7.338000000000000000e+04
7.223300000000000000e+04
7.117700000000000000e+04
7.007900000000000000e+04
6.903300000000000000e+04
6.792900000000000000e+04
6.687200000000000000e+04
6.586700000000000000e+04
6.484100000000000000e+04
6.388300000000000000e+04
6.292600000000000000e+04
6.200500000000000000e+04
6.107700000000000000e+04
6.013900000000000000e+04
5.930800000000000000e+04
5.842700000000000000e+04
5.744600000000000000e+04
5.656800000000000000e+04
5.576200000000000000e+04
5.496500000000000000e+04
5.409200000000000000e+04
5.333600000000000000e+04
5.262600000000000000e+04
5.188600000000000000e+04
5.110600000000000000e+04
5.035500000000000000e+04
4.961200000000000000e+04
4.889100000000000000e+04
4.820800000000000000e+04
4.753100000000000000e+04
4.673300000000000000e+04
4.612100000000000000e+04
4.543500000000000000e+04
4.482200000000000000e+04
4.415600000000000000e+04
4.349000000000000000e+04
4.284600000000000000e+04
4.223100000000000000e+04
4.161800000000000000e+04
4.100400000000000000e+04
4.033500000000000000e+04
3.979200000000000000e+04
3.918400000000000000e+04
3.854000000000000000e+04
3.798600000000000000e+04
3.740900000000000000e+04
3.681400000000000000e+04
3.631800000000000000e+04
3.582400000000000000e+04
3.527500000000000000e+04
3.472600000000000000e+04
3.426300000000000000e+04
3.373900000000000000e+04
3.322700000000000000e+04
3.272200000000000000e+04
3.225800000000000000e+04
3.176900000000000000e+04
3.135000000000000000e+04
3.090300000000000000e+04
3.048100000000000000e+04
2.998000000000000000e+04
2.954400000000000000e+04
2.911500000000000000e+04
2.864700000000000000e+04
2.824400000000000000e+04
2.783700000000000000e+04
2.741200000000000000e+04
2.695400000000000000e+04
2.651700000000000000e+04
2.618200000000000000e+04
2.577500000000000000e+04
2.537900000000000000e+04
2.498900000000000000e+04
2.462300000000000000e+04
2.426200000000000000e+04
2.392600000000000000e+04
2.357800000000000000e+04
2.323400000000000000e+04
2.288900000000000000e+04
2.256400000000000000e+04
2.224800000000000000e+04
2.195100000000000000e+04
2.163200000000000000e+04
2.131900000000000000e+04
2.099400000000000000e+04
2.066000000000000000e+04
2.036600000000000000e+04
2.006900000000000000e+04
1.978400000000000000e+04
1.953900000000000000e+04
1.929300000000000000e+04
1.901400000000000000e+04
1.874800000000000000e+04
1.849900000000000000e+04
1.823300000000000000e+04
1.798300000000000000e+04
1.773600000000000000e+04
1.745600000000000000e+04
1.720700000000000000e+04
1.696300000000000000e+04
1.670600000000000000e+04
1.648500000000000000e+04
1.627600000000000000e+04
1.602500000000000000e+04
1.580900000000000000e+04
1.558600000000000000e+04
1.538000000000000000e+04
1.514700000000000000e+04
1.493100000000000000e+04
1.471900000000000000e+04
1.451400000000000000e+04
1.428800000000000000e+04
1.408000000000000000e+04
1.388500000000000000e+04
1.369200000000000000e+04
1.348900000000000000e+04
1.327300000000000000e+04
1.309700000000000000e+04
1.290800000000000000e+04
1.273300000000000000e+04
1.253900000000000000e+04
1.234500000000000000e+04
1.217800000000000000e+04
1.200900000000000000e+04
1.182500000000000000e+04
1.168600000000000000e+04
1.152300000000000000e+04
1.135900000000000000e+04
1.118300000000000000e+04
1.102800000000000000e+04
1.085200000000000000e+04
1.070800000000000000e+04
1.053900000000000000e+04
1.036800000000000000e+04
1.023000000000000000e+04
1.008300000000000000e+04
9.926000000000000000e+03
9.786000000000000000e+03
9.634000000000000000e+03
9.488000000000000000e+03
9.366000000000000000e+03
9.230000000000000000e+03
9.087000000000000000e+03
8.949000000000000000e+03
8.836000000000000000e+03
8.714000000000000000e+03
8.614000000000000000e+03
8.487000000000000000e+03
8.369000000000000000e+03
8.244000000000000000e+03
8.136000000000000000e+03
8.056000000000000000e+03
7.942000000000000000e+03
7.843000000000000000e+03
7.739000000000000000e+03
7.634000000000000000e+03
7.530000000000000000e+03
7.420000000000000000e+03
7.313000000000000000e+03
7.233000000000000000e+03
7.117000000000000000e+03
6.998000000000000000e+03
6.900000000000000000e+03
6.823000000000000000e+03
6.748000000000000000e+03
6.641000000000000000e+03
6.563000000000000000e+03
6.478000000000000000e+03
6.386000000000000000e+03
6.302000000000000000e+03
6.210000000000000000e+03
6.110000000000000000e+03
6.038000000000000000e+03
5.953000000000000000e+03
5.880000000000000000e+03
5.774000000000000000e+03
5.701000000000000000e+03
5.603000000000000000e+03
5.537000000000000000e+03
5.477000000000000000e+03
5.405000000000000000e+03
5.342000000000000000e+03
5.273000000000000000e+03
5.197000000000000000e+03
5.129000000000000000e+03
5.050000000000000000e+03
4.999000000000000000e+03
4.942000000000000000e+03
4.872000000000000000e+03
4.784000000000000000e+03
4.713000000000000000e+03
4.646000000000000000e+03
4.578000000000000000e+03
4.506000000000000000e+03
4.454000000000000000e+03
4.387000000000000000e+03
4.333000000000000000e+03
4.279000000000000000e+03
4.221000000000000000e+03
4.162000000000000000e+03
4.099000000000000000e+03
4.049000000000000000e+03
4.005000000000000000e+03
3.962000000000000000e+03
3.902000000000000000e+03
3.848000000000000000e+03
3.803000000000000000e+03
3.756000000000000000e+03
3.713000000000000000e+03
3.650000000000000000e+03
3.600000000000000000e+03
3.557000000000000000e+03
3.518000000000000000e+03
3.480000000000000000e+03
3.439000000000000000e+03
3.383000000000000000e+03
3.345000000000000000e+03
3.307000000000000000e+03
3.260000000000000000e+03
3.216000000000000000e+03
3.181000000000000000e+03
3.140000000000000000e+03
3.101000000000000000e+03
3.057000000000000000e+03
3.023000000000000000e+03
2.984000000000000000e+03
2.931000000000000000e+03
2.888000000000000000e+03
2.853000000000000000e+03
2.822000000000000000e+03
2.794000000000000000e+03
2.763000000000000000e+03
2.722000000000000000e+03
2.690000000000000000e+03
2.665000000000000000e+03
2.628000000000000000e+03
2.598000000000000000e+03
2.561000000000000000e+03
2.531000000000000000e+03
2.501000000000000000e+03
2.479000000000000000e+03
2.446000000000000000e+03
2.420000000000000000e+03
2.398000000000000000e+03
2.366000000000000000e+03
2.336000000000000000e+03
2.306000000000000000e+03
2.268000000000000000e+03
2.235000000000000000e+03
2.202000000000000000e+03
2.170000000000000000e+03
2.130000000000000000e+03
2.106000000000000000e+03
2.086000000000000000e+03
2.061000000000000000e+03
2.038000000000000000e+03
2.018000000000000000e+03
1.986000000000000000e+03
1.968000000000000000e+03
1.939000000000000000e+03
1.909000000000000000e+03
1.892000000000000000e+03
1.869000000000000000e+03
1.855000000000000000e+03
1.827000000000000000e+03
1.805000000000000000e+03
1.779000000000000000e+03
1.765000000000000000e+03
1.739000000000000000e+03
1.720000000000000000e+03
1.707000000000000000e+03
1.690000000000000000e+03
1.661000000000000000e+03
1.638000000000000000e+03
1.616000000000000000e+03
1.600000000000000000e+03
1.578000000000000000e+03
1.542000000000000000e+03
1.522000000000000000e+03
1.499000000000000000e+03
1.482000000000000000e+03
1.466000000000000000e+03
1.448000000000000000e+03
1.431000000000000000e+03
1.408000000000000000e+03
1.395000000000000000e+03
1.382000000000000000e+03
1.360000000000000000e+03
1.347000000000000000e+03
1.333000000000000000e+03
1.313000000000000000e+03
1.297000000000000000e+03
1.284000000000000000e+03
1.268000000000000000e+03
1.261000000000000000e+03
1.249000000000000000e+03
1.234000000000000000e+03
1.220000000000000000e+03
1.209000000000000000e+03
1.202000000000000000e+03
1.188000000000000000e+03
1.180000000000000000e+03
1.164000000000000000e+03
1.148000000000000000e+03
1.136000000000000000e+03
1.127000000000000000e+03
1.119000000000000000e+03
1.101000000000000000e+03
1.094000000000000000e+03
1.087000000000000000e+03
1.077000000000000000e+03
1.059000000000000000e+03
1.043000000000000000e+03
1.027000000000000000e+03
1.017000000000000000e+03
1.001000000000000000e+03
9.870000000000000000e+02
9.800000000000000000e+02
9.670000000000000000e+02
9.550000000000000000e+02
9.500000000000000000e+02
9.370000000000000000e+02
9.270000000000000000e+02
9.200000000000000000e+02
9.120000000000000000e+02
9.030000000000000000e+02
9.000000000000000000e+02
8.930000000000000000e+02
8.860000000000000000e+02
8.770000000000000000e+02
8.730000000000000000e+02
8.670000000000000000e+02
8.610000000000000000e+02
8.480000000000000000e+02
8.290000000000000000e+02
8.190000000000000000e+02
8.100000000000000000e+02
7.950000000000000000e+02
7.800000000000000000e+02
7.660000000000000000e+02
7.560000000000000000e+02
7.480000000000000000e+02
7.410000000000000000e+02
7.310000000000000000e+02
7.240000000000000000e+02
7.180000000000000000e+02
7.080000000000000000e+02
6.940000000000000000e+02
6.810000000000000000e+02
6.770000000000000000e+02
6.740000000000000000e+02
6.680000000000000000e+02
6.640000000000000000e+02
6.570000000000000000e+02
6.500000000000000000e+02
6.410000000000000000e+02
6.390000000000000000e+02
6.350000000000000000e+02
6.300000000000000000e+02
6.250000000000000000e+02
6.220000000000000000e+02
6.170000000000000000e+02
6.120000000000000000e+02
6.060000000000000000e+02
6.000000000000000000e+02
5.930000000000000000e+02
5.840000000000000000e+02
5.790000000000000000e+02
5.710000000000000000e+02
5.670000000000000000e+02
5.630000000000000000e+02
5.590000000000000000e+02
5.520000000000000000e+02
5.490000000000000000e+02
5.450000000000000000e+02
5.430000000000000000e+02
5.380000000000000000e+02
5.330000000000000000e+02
5.240000000000000000e+02
5.180000000000000000e+02
5.100000000000000000e+02
5.030000000000000000e+02
4.990000000000000000e+02
4.940000000000000000e+02
4.870000000000000000e+02
4.840000000000000000e+02
4.770000000000000000e+02
4.660000000000000000e+02
4.610000000000000000e+02
4.600000000000000000e+02
4.540000000000000000e+02
4.470000000000000000e+02
4.410000000000000000e+02
4.360000000000000000e+02
4.350000000000000000e+02
4.330000000000000000e+02
4.290000000000000000e+02
4.220000000000000000e+02
4.200000000000000000e+02
4.120000000000000000e+02
4.080000000000000000e+02
4.000000000000000000e+02
3.960000000000000000e+02
3.890000000000000000e+02
3.880000000000000000e+02
3.850000000000000000e+02
3.780000000000000000e+02
3.710000000000000000e+02
3.700000000000000000e+02
3.680000000000000000e+02
3.660000000000000000e+02
3.620000000000000000e+02
3.610000000000000000e+02
3.550000000000000000e+02
3.490000000000000000e+02
3.480000000000000000e+02
