0.000000000000000000e+00
1.302900000000000000e+04
2.575700000000000000e+04
3.879400000000000000e+04
5.137100000000000000e+04
6.393400000000000000e+04
7.560700000000000000e+04
8.709700000000000000e+04
9.875200000000000000e+04
1.097070000000000000e+05
1.205130000000000000e+05
1.315540000000000000e+05
1.423200000000000000e+05
1.524730000000000000e+05
1.623170000000000000e+05
1.719610000000000000e+05
1.814650000000000000e+05
1.907890000000000000e+05
1.997860000000000000e+05
2.086550000000000000e+05
2.174710000000000000e+05
2.254800000000000000e+05
2.341080000000000000e+05
2.421640000000000000e+05
2.499230000000000000e+05
2.577140000000000000e+05
2.654250000000000000e+05
2.727570000000000000e+05
2.800380000000000000e+05
2.872220000000000000e+05
2.939270000000000000e+05
3.006000000000000000e+05
3.071680000000000000e+05
3.136140000000000000e+05
3.199990000000000000e+05
3.259690000000000000e+05
3.318640000000000000e+05
3.377480000000000000e+05
3.431590000000000000e+05
3.484270000000000000e+05
3.536820000000000000e+05
3.588140000000000000e+05
3.638560000000000000e+05
3.688930000000000000e+05
3.735720000000000000e+05
3.782480000000000000e+05
3.826290000000000000e+05
3.867800000000000000e+05
3.908610000000000000e+05
3.950890000000000000e+05
3.992000000000000000e+05
4.030140000000000000e+05
4.067480000000000000e+05
4.101910000000000000e+05
4.136490000000000000e+05
4.172950000000000000e+05
4.205560000000000000e+05
4.240740000000000000e+05
4.269240000000000000e+05
4.301080000000000000e+05
4.330740000000000000e+05
4.357990000000000000e+05
4.385160000000000000e+05
4.410010000000000000e+05
4.436520000000000000e+05
4.462840000000000000e+05
4.486920000000000000e+05
4.510430000000000000e+05
4.533110000000000000e+05
4.555520000000000000e+05
4.574470000000000000e+05
4.594260000000000000e+05
4.613110000000000000e+05
4.628560000000000000e+05
4.641980000000000000e+05
4.656980000000000000e+05
4.671240000000000000e+05
4.685600000000000000e+05
4.697110000000000000e+05
4.709480000000000000e+05
4.720790000000000000e+05
4.730890000000000000e+05
4.739700000000000000e+05
4.748710000000000000e+05
4.755850000000000000e+05
4.763280000000000000e+05
4.771410000000000000e+05
4.778250000000000000e+05
4.784420000000000000e+05
4.789420000000000000e+05
4.794130000000000000e+05
4.798860000000000000e+05
4.802540000000000000e+05
4.803830000000000000e+05
4.802970000000000000e+05
4.804160000000000000e+05
4.803610000000000000e+05
4.802470000000000000e+05
4.801450000000000000e+05
4.800010000000000000e+05
4.796250000000000000e+05
4.791600000000000000e+05
4.788950000000000000e+05
4.784520000000000000e+05
4.779220000000000000e+05
4.775530000000000000e+05
4.768870000000000000e+05
4.765110000000000000e+05
4.759710000000000000e+05
4.754620000000000000e+05
4.745380000000000000e+05
4.737790000000000000e+05
4.730050000000000000e+05
4.722340000000000000e+05
4.713130000000000000e+05
4.704190000000000000e+05
4.695970000000000000e+05
4.686400000000000000e+05
4.675520000000000000e+05
4.664880000000000000e+05
4.653680000000000000e+05
4.642210000000000000e+05
4.630210000000000000e+05
4.618240000000000000e+05
4.603230000000000000e+05
4.590160000000000000e+05
4.576440000000000000e+05
4.562170000000000000e+05
4.546640000000000000e+05
4.532510000000000000e+05
4.518890000000000000e+05
4.503400000000000000e+05
4.486590000000000000e+05
4.470690000000000000e+05
4.454860000000000000e+05
4.438410000000000000e+05
4.421050000000000000e+05
4.404160000000000000e+05
4.388730000000000000e+05
4.373090000000000000e+05
4.356640000000000000e+05
4.340940000000000000e+05
4.320620000000000000e+05
4.303800000000000000e+05
4.285020000000000000e+05
4.265660000000000000e+05
4.250030000000000000e+05
4.231670000000000000e+05
4.214070000000000000e+05
4.194960000000000000e+05
4.174310000000000000e+05
4.152600000000000000e+05
4.132860000000000000e+05
4.113930000000000000e+05
4.093670000000000000e+05
4.073850000000000000e+05
4.053900000000000000e+05
4.032090000000000000e+05
4.010280000000000000e+05
3.989360000000000000e+05
3.969280000000000000e+05
3.948980000000000000e+05
3.928440000000000000e+05
3.906720000000000000e+05
3.885340000000000000e+05
3.863760000000000000e+05
3.841460000000000000e+05
3.818210000000000000e+05
3.797350000000000000e+05
3.774550000000000000e+05
3.753700000000000000e+05
3.731590000000000000e+05
3.709720000000000000e+05
3.688170000000000000e+05
3.667840000000000000e+05
3.645780000000000000e+05
3.626340000000000000e+05
3.603110000000000000e+05
3.579980000000000000e+05
3.558110000000000000e+05
3.534930000000000000e+05
3.512920000000000000e+05
3.489050000000000000e+05
3.466280000000000000e+05
3.442780000000000000e+05
3.419270000000000000e+05
3.395510000000000000e+05
3.372730000000000000e+05
3.349800000000000000e+05
3.327820000000000000e+05
3.306300000000000000e+05
3.284550000000000000e+05
3.263410000000000000e+05
3.240860000000000000e+05
3.219890000000000000e+05
3.198010000000000000e+05
3.175990000000000000e+05
3.151860000000000000e+05
3.131200000000000000e+05
3.109520000000000000e+05
3.086420000000000000e+05
3.063130000000000000e+05
3.039810000000000000e+05
3.015060000000000000e+05
2.993130000000000000e+05
2.970170000000000000e+05
2.949130000000000000e+05
2.925780000000000000e+05
2.903470000000000000e+05
2.882070000000000000e+05
2.861220000000000000e+05
2.840230000000000000e+05
2.818790000000000000e+05
2.798650000000000000e+05
2.776490000000000000e+05
2.754740000000000000e+05
2.733600000000000000e+05
2.711220000000000000e+05
2.690920000000000000e+05
2.668680000000000000e+05
2.645960000000000000e+05
2.625140000000000000e+05
2.604600000000000000e+05
2.583040000000000000e+05
2.563290000000000000e+05
2.543540000000000000e+05
2.523370000000000000e+05
2.504120000000000000e+05
2.484390000000000000e+05
2.465280000000000000e+05
2.444960000000000000e+05
2.425400000000000000e+05
2.404730000000000000e+05
2.384140000000000000e+05
2.363620000000000000e+05
2.344610000000000000e+05
2.325690000000000000e+05
2.304230000000000000e+05
2.285550000000000000e+05
2.266490000000000000e+05
2.248350000000000000e+05
2.229970000000000000e+05
2.212450000000000000e+05
2.194040000000000000e+05
2.175980000000000000e+05
2.158680000000000000e+05
2.139420000000000000e+05
2.122140000000000000e+05
2.105010000000000000e+05
2.088190000000000000e+05
2.071160000000000000e+05
2.053390000000000000e+05
2.036800000000000000e+05
2.018140000000000000e+05
2.002060000000000000e+05
1.985460000000000000e+05
1.967930000000000000e+05
1.950260000000000000e+05
1.933440000000000000e+05
1.915710000000000000e+05
1.899120000000000000e+05
1.882330000000000000e+05
1.865510000000000000e+05
1.848630000000000000e+05
1.832140000000000000e+05
1.816480000000000000e+05
1.799170000000000000e+05
1.784420000000000000e+05
1.770630000000000000e+05
1.755710000000000000e+05
1.740350000000000000e+05
1.726930000000000000e+05
1.710940000000000000e+05
1.694920000000000000e+05
1.679230000000000000e+05
1.663450000000000000e+05
1.648980000000000000e+05
1.634010000000000000e+05
1.620450000000000000e+05
1.606060000000000000e+05
1.591870000000000000e+05
1.577610000000000000e+05
1.562750000000000000e+05
1.548510000000000000e+05
1.536110000000000000e+05
1.523430000000000000e+05
1.509690000000000000e+05
1.495610000000000000e+05
1.482340000000000000e+05
1.468810000000000000e+05
1.454720000000000000e+05
1.442140000000000000e+05
1.429040000000000000e+05
1.417480000000000000e+05
1.404320000000000000e+05
1.392100000000000000e+05
1.379600000000000000e+05
1.367530000000000000e+05
1.355320000000000000e+05
1.343620000000000000e+05
1.331590000000000000e+05
1.320060000000000000e+05
1.307080000000000000e+05
1.295200000000000000e+05
1.282970000000000000e+05
1.271980000000000000e+05
1.260620000000000000e+05
1.249220000000000000e+05
1.236760000000000000e+05
1.225120000000000000e+05
1.213730000000000000e+05
1.202230000000000000e+05
1.190920000000000000e+05
1.180240000000000000e+05
1.168940000000000000e+05
1.157870000000000000e+05
1.147540000000000000e+05
1.137960000000000000e+05
1.128460000000000000e+05
1.118300000000000000e+05
1.107990000000000000e+05
1.097660000000000000e+05
1.088130000000000000e+05
1.078530000000000000e+05
1.068250000000000000e+05
1.058950000000000000e+05
1.049160000000000000e+05
1.039000000000000000e+05
1.030550000000000000e+05
1.020800000000000000e+05
1.011480000000000000e+05
1.001890000000000000e+05
9.928800000000000000e+04
9.843500000000000000e+04
9.744000000000000000e+04
9.650400000000000000e+04
9.564300000000000000e+04
9.479900000000000000e+04
9.402700000000000000e+04
9.315400000000000000e+04
9.228300000000000000e+04
9.135800000000000000e+04
9.046800000000000000e+04
8.969400000000000000e+04
8.881200000000000000e+04
8.801600000000000000e+04
8.718000000000000000e+04
8.639600000000000000e+04
8.557400000000000000e+04
8.477800000000000000e+04
8.395300000000000000e+04
8.308300000000000000e+04
8.227300000000000000e+04
8.153200000000000000e+04
8.076700000000000000e+04
8.000200000000000000e+04
7.926900000000000000e+04
7.850900000000000000e+04
7.776900000000000000e+04
7.706300000000000000e+04
7.632500000000000000e+04
7.560600000000000000e+04
7.490800000000000000e+04
7.427100000000000000e+04
7.355300000000000000e+04
7.294000000000000000e+04
7.235600000000000000e+04
7.169800000000000000e+04
7.106900000000000000e+04
7.034800000000000000e+04
6.965100000000000000e+04
6.898600000000000000e+04
6.826600000000000000e+04
6.765300000000000000e+04
6.701300000000000000e+04
6.647500000000000000e+04
6.585300000000000000e+04
6.523900000000000000e+04
6.465900000000000000e+04
6.414700000000000000e+04
6.354500000000000000e+04
6.295400000000000000e+04
6.239900000000000000e+04
6.179600000000000000e+04
6.126600000000000000e+04
6.067200000000000000e+04
6.013200000000000000e+04
5.954900000000000000e+04
5.902200000000000000e+04
5.850800000000000000e+04
5.792000000000000000e+04
5.736700000000000000e+04
5.677400000000000000e+04
5.627000000000000000e+04
5.579700000000000000e+04
5.525700000000000000e+04
5.476800000000000000e+04
5.424800000000000000e+04
5.373100000000000000e+04
5.327900000000000000e+04
5.271000000000000000e+04
5.224500000000000000e+04
5.177900000000000000e+04
5.126000000000000000e+04
5.077200000000000000e+04
5.030000000000000000e+04
4.984100000000000000e+04
4.936300000000000000e+04
4.887800000000000000e+04
4.841900000000000000e+04
4.797600000000000000e+04
4.754400000000000000e+04
4.714200000000000000e+04
4.669100000000000000e+04
4.629500000000000000e+04
4.581500000000000000e+04
4.542900000000000000e+04
4.508200000000000000e+04
4.471800000000000000e+04
4.432900000000000000e+04
4.393600000000000000e+04
4.351600000000000000e+04
4.310200000000000000e+04
4.272200000000000000e+04
4.232400000000000000e+04
4.200300000000000000e+04
4.164500000000000000e+04
4.132300000000000000e+04
4.095500000000000000e+04
4.057800000000000000e+04
4.026700000000000000e+04
3.984000000000000000e+04
3.953800000000000000e+04
3.914400000000000000e+04
3.877700000000000000e+04
3.845600000000000000e+04
3.807500000000000000e+04
3.769500000000000000e+04
3.737400000000000000e+04
3.707200000000000000e+04
3.676300000000000000e+04
3.641800000000000000e+04
3.605400000000000000e+04
3.571000000000000000e+04
3.542100000000000000e+04
3.506600000000000000e+04
3.469800000000000000e+04
3.436400000000000000e+04
3.407700000000000000e+04
3.377800000000000000e+04
3.348100000000000000e+04
3.316400000000000000e+04
3.286700000000000000e+04
3.255900000000000000e+04
3.222900000000000000e+04
3.188800000000000000e+04
3.161600000000000000e+04
3.134300000000000000e+04
3.106100000000000000e+04
3.078900000000000000e+04
3.051700000000000000e+04
3.023700000000000000e+04
2.996800000000000000e+04
2.967400000000000000e+04
2.942900000000000000e+04
2.915100000000000000e+04
2.888900000000000000e+04
2.862900000000000000e+04
2.837500000000000000e+04
2.812300000000000000e+04
2.784600000000000000e+04
2.757400000000000000e+04
2.735900000000000000e+04
2.715500000000000000e+04
2.690100000000000000e+04
2.668200000000000000e+04
2.643700000000000000e+04
2.622600000000000000e+04
2.598500000000000000e+04
2.572500000000000000e+04
2.547900000000000000e+04
2.529900000000000000e+04
2.506100000000000000e+04
2.480900000000000000e+04
2.460100000000000000e+04
2.433300000000000000e+04
2.414100000000000000e+04
2.388200000000000000e+04
2.365000000000000000e+04
2.341500000000000000e+04
2.320400000000000000e+04
2.299800000000000000e+04
2.277400000000000000e+04
2.255500000000000000e+04
2.233600000000000000e+04
2.216600000000000000e+04
2.196900000000000000e+04
2.180000000000000000e+04
2.158800000000000000e+04
2.137800000000000000e+04
2.116800000000000000e+04
2.102700000000000000e+04
2.084100000000000000e+04
2.061900000000000000e+04
2.046300000000000000e+04
2.029300000000000000e+04
2.013600000000000000e+04
1.998400000000000000e+04
1.984300000000000000e+04
1.967900000000000000e+04
1.954600000000000000e+04
1.942400000000000000e+04
1.925300000000000000e+04
1.911400000000000000e+04
1.895300000000000000e+04
1.879200000000000000e+04
1.862500000000000000e+04
1.846000000000000000e+04
1.829000000000000000e+04
1.812900000000000000e+04
1.797600000000000000e+04
1.781800000000000000e+04
1.768300000000000000e+04
1.750200000000000000e+04
1.730400000000000000e+04
1.715900000000000000e+04
1.701100000000000000e+04
1.683800000000000000e+04
1.669900000000000000e+04
1.653700000000000000e+04
1.639900000000000000e+04
1.624700000000000000e+04
1.609400000000000000e+04
1.597600000000000000e+04
1.585400000000000000e+04
1.572300000000000000e+04
1.558100000000000000e+04
1.543100000000000000e+04
1.523800000000000000e+04
1.512300000000000000e+04
1.498300000000000000e+04
1.486500000000000000e+04
1.475100000000000000e+04
1.464100000000000000e+04
1.453600000000000000e+04
1.443000000000000000e+04
1.434300000000000000e+04
1.423900000000000000e+04
1.412500000000000000e+04
1.402300000000000000e+04
1.391100000000000000e+04
1.377700000000000000e+04
1.365400000000000000e+04
1.349100000000000000e+04
1.338400000000000000e+04
1.326500000000000000e+04
1.315200000000000000e+04
1.303800000000000000e+04
1.296100000000000000e+04
1.283400000000000000e+04
1.269600000000000000e+04
1.257400000000000000e+04
1.247600000000000000e+04
1.236500000000000000e+04
1.227700000000000000e+04
1.216100000000000000e+04
1.206700000000000000e+04
1.199400000000000000e+04
1.190700000000000000e+04
1.179800000000000000e+04
1.171800000000000000e+04
1.159600000000000000e+04
1.150700000000000000e+04
1.140400000000000000e+04
1.131000000000000000e+04
1.124100000000000000e+04
1.113200000000000000e+04
1.104200000000000000e+04
1.091900000000000000e+04
1.079700000000000000e+04
1.068800000000000000e+04
1.059500000000000000e+04
1.051500000000000000e+04
1.043200000000000000e+04
1.035900000000000000e+04
1.026900000000000000e+04
1.015200000000000000e+04
1.006700000000000000e+04
9.987000000000000000e+03
9.910000000000000000e+03
9.831000000000000000e+03
9.750000000000000000e+03
9.685000000000000000e+03
9.610000000000000000e+03
9.519000000000000000e+03
9.452000000000000000e+03
9.373000000000000000e+03
9.320000000000000000e+03
9.252000000000000000e+03
9.164000000000000000e+03
9.093000000000000000e+03
9.010000000000000000e+03
8.941000000000000000e+03
8.868000000000000000e+03
8.804000000000000000e+03
8.728000000000000000e+03
8.661000000000000000e+03
8.577000000000000000e+03
8.513000000000000000e+03
8.435000000000000000e+03
8.378000000000000000e+03
8.305000000000000000e+03
8.232000000000000000e+03
8.164000000000000000e+03
8.097000000000000000e+03
8.029000000000000000e+03
7.955000000000000000e+03
7.904000000000000000e+03
7.857000000000000000e+03
7.799000000000000000e+03
7.732000000000000000e+03
