0.000000000000000000e+00
3.100000000000000000e+01
1.490000000000000000e+02
3.080000000000000000e+02
4.830000000000000000e+02
7.050000000000000000e+02
9.780000000000000000e+02
1.285000000000000000e+03
1.626000000000000000e+03
2.015000000000000000e+03
2.427000000000000000e+03
2.942000000000000000e+03
3.476000000000000000e+03
4.076000000000000000e+03
4.677000000000000000e+03
5.349000000000000000e+03
6.008000000000000000e+03
6.724000000000000000e+03
7.533000000000000000e+03
8.308000000000000000e+03
9.146000000000000000e+03
1.001800000000000000e+04
1.088900000000000000e+04
1.173200000000000000e+04
1.261800000000000000e+04
1.363600000000000000e+04
1.456900000000000000e+04
1.558700000000000000e+04
1.665800000000000000e+04
1.774400000000000000e+04
1.888400000000000000e+04
1.992800000000000000e+04
2.104900000000000000e+04
2.218400000000000000e+04
2.331500000000000000e+04
2.447100000000000000e+04
2.558700000000000000e+04
2.688600000000000000e+04
2.800100000000000000e+04
2.933000000000000000e+04
3.061000000000000000e+04
3.186600000000000000e+04
3.318100000000000000e+04
3.440200000000000000e+04
3.570500000000000000e+04
3.704300000000000000e+04
3.846200000000000000e+04
3.981700000000000000e+04
4.119500000000000000e+04
4.258400000000000000e+04
4.397200000000000000e+04
4.535600000000000000e+04
4.676900000000000000e+04
4.810300000000000000e+04
4.954200000000000000e+04
5.087400000000000000e+04
5.236300000000000000e+04
5.380500000000000000e+04
5.535700000000000000e+04
5.684800000000000000e+04
5.831800000000000000e+04
5.989200000000000000e+04
6.147500000000000000e+04
6.301800000000000000e+04
6.460100000000000000e+04
6.606300000000000000e+04
6.763800000000000000e+04
6.922600000000000000e+04
7.082000000000000000e+04
7.232800000000000000e+04
7.380200000000000000e+04
7.534300000000000000e+04
7.687300000000000000e+04
7.849000000000000000e+04
8.014700000000000000e+04
8.166200000000000000e+04
8.326200000000000000e+04
8.478500000000000000e+04
8.642000000000000000e+04
8.797000000000000000e+04
8.950000000000000000e+04
9.100300000000000000e+04
9.269200000000000000e+04
9.430700000000000000e+04
9.598900000000000000e+04
9.751400000000000000e+04
9.902800000000000000e+04
1.004380000000000000e+05
1.019780000000000000e+05
1.035570000000000000e+05
1.050690000000000000e+05
1.066240000000000000e+05
1.081610000000000000e+05
1.096810000000000000e+05
1.112780000000000000e+05
1.129290000000000000e+05
1.145960000000000000e+05
1.160840000000000000e+05
1.175270000000000000e+05
1.190400000000000000e+05
1.206180000000000000e+05
1.221420000000000000e+05
1.236490000000000000e+05
1.250290000000000000e+05
1.264070000000000000e+05
1.277870000000000000e+05
1.293340000000000000e+05
1.307660000000000000e+05
1.321530000000000000e+05
1.336150000000000000e+05
1.351150000000000000e+05
1.363430000000000000e+05
1.376510000000000000e+05
1.390810000000000000e+05
1.405310000000000000e+05
1.418660000000000000e+05
1.432380000000000000e+05
1.446940000000000000e+05
1.460480000000000000e+05
1.473750000000000000e+05
1.485870000000000000e+05
1.498410000000000000e+05
1.511420000000000000e+05
1.523380000000000000e+05
1.535530000000000000e+05
1.548000000000000000e+05
1.559700000000000000e+05
1.571040000000000000e+05
1.583920000000000000e+05
1.596020000000000000e+05
1.608090000000000000e+05
1.619530000000000000e+05
1.632280000000000000e+05
1.643080000000000000e+05
1.655590000000000000e+05
1.665880000000000000e+05
1.677050000000000000e+05
1.687360000000000000e+05
1.697630000000000000e+05
1.708350000000000000e+05
1.717860000000000000e+05
1.727350000000000000e+05
1.738220000000000000e+05
1.749000000000000000e+05
1.758890000000000000e+05
1.769390000000000000e+05
1.778360000000000000e+05
1.788860000000000000e+05
1.799320000000000000e+05
1.807020000000000000e+05
1.816840000000000000e+05
1.826220000000000000e+05
1.835060000000000000e+05
1.843610000000000000e+05
1.853330000000000000e+05
1.861750000000000000e+05
1.870680000000000000e+05
1.878590000000000000e+05
1.887840000000000000e+05
1.896960000000000000e+05
1.904680000000000000e+05
1.912180000000000000e+05
1.920150000000000000e+05
1.927520000000000000e+05
1.934520000000000000e+05
1.941300000000000000e+05
1.948800000000000000e+05
1.956430000000000000e+05
1.962970000000000000e+05
1.969930000000000000e+05
1.976810000000000000e+05
1.982110000000000000e+05
1.987890000000000000e+05
1.991600000000000000e+05
1.996920000000000000e+05
2.003210000000000000e+05
2.007940000000000000e+05
2.013490000000000000e+05
2.018820000000000000e+05
2.022750000000000000e+05
2.027340000000000000e+05
2.030610000000000000e+05
2.035350000000000000e+05
2.039640000000000000e+05
2.043250000000000000e+05
2.047480000000000000e+05
2.051600000000000000e+05
2.056410000000000000e+05
2.059940000000000000e+05
2.063100000000000000e+05
2.065730000000000000e+05
2.069810000000000000e+05
2.071990000000000000e+05
2.075210000000000000e+05
2.077020000000000000e+05
2.079130000000000000e+05
2.081330000000000000e+05
2.083550000000000000e+05
2.085790000000000000e+05
2.087860000000000000e+05
2.088090000000000000e+05
2.090250000000000000e+05
2.091580000000000000e+05
2.093620000000000000e+05
2.095550000000000000e+05
2.096660000000000000e+05
2.098480000000000000e+05
2.100460000000000000e+05
2.101370000000000000e+05
2.102670000000000000e+05
2.103540000000000000e+05
2.103700000000000000e+05
2.102830000000000000e+05
2.102520000000000000e+05
2.102680000000000000e+05
2.103460000000000000e+05
2.103230000000000000e+05
2.103790000000000000e+05
2.103280000000000000e+05
2.103590000000000000e+05
2.101570000000000000e+05
2.101520000000000000e+05
2.101780000000000000e+05
2.100610000000000000e+05
2.098650000000000000e+05
2.098090000000000000e+05
2.096680000000000000e+05
2.096250000000000000e+05
2.094690000000000000e+05
2.092410000000000000e+05
2.090360000000000000e+05
2.089140000000000000e+05
2.087190000000000000e+05
2.083890000000000000e+05
2.081860000000000000e+05
2.079910000000000000e+05
2.076990000000000000e+05
2.074740000000000000e+05
2.072570000000000000e+05
2.069520000000000000e+05
2.066960000000000000e+05
2.065590000000000000e+05
2.062300000000000000e+05
2.058610000000000000e+05
2.055160000000000000e+05
2.053250000000000000e+05
2.050870000000000000e+05
2.047700000000000000e+05
2.043850000000000000e+05
2.039880000000000000e+05
2.036440000000000000e+05
2.032840000000000000e+05
2.029260000000000000e+05
2.025150000000000000e+05
2.019220000000000000e+05
2.015740000000000000e+05
2.012530000000000000e+05
2.008820000000000000e+05
2.004680000000000000e+05
2.001580000000000000e+05
1.997750000000000000e+05
1.994580000000000000e+05
1.989550000000000000e+05
1.984770000000000000e+05
1.979690000000000000e+05
1.975530000000000000e+05
1.971470000000000000e+05
1.966260000000000000e+05
1.962200000000000000e+05
1.958420000000000000e+05
1.953650000000000000e+05
1.948730000000000000e+05
1.944610000000000000e+05
1.939880000000000000e+05
1.935030000000000000e+05
1.929530000000000000e+05
1.926090000000000000e+05
1.921490000000000000e+05
1.917040000000000000e+05
1.911220000000000000e+05
1.906020000000000000e+05
1.900190000000000000e+05
1.895350000000000000e+05
1.890370000000000000e+05
1.885580000000000000e+05
1.879820000000000000e+05
1.876010000000000000e+05
1.870700000000000000e+05
1.864850000000000000e+05
1.860040000000000000e+05
1.854450000000000000e+05
1.848280000000000000e+05
1.842760000000000000e+05
1.836540000000000000e+05
1.830690000000000000e+05
1.824730000000000000e+05
1.818660000000000000e+05
1.813980000000000000e+05
1.807630000000000000e+05
1.801810000000000000e+05
1.796340000000000000e+05
1.789870000000000000e+05
1.784520000000000000e+05
1.779390000000000000e+05
1.773970000000000000e+05
1.768570000000000000e+05
1.762040000000000000e+05
1.755980000000000000e+05
1.751060000000000000e+05
1.745830000000000000e+05
1.740520000000000000e+05
1.736550000000000000e+05
1.730690000000000000e+05
1.725440000000000000e+05
1.718710000000000000e+05
1.712790000000000000e+05
1.707370000000000000e+05
1.701090000000000000e+05
1.694870000000000000e+05
1.688830000000000000e+05
1.681510000000000000e+05
1.676310000000000000e+05
1.669740000000000000e+05
1.662720000000000000e+05
1.656760000000000000e+05
1.651380000000000000e+05
1.644540000000000000e+05
1.638270000000000000e+05
1.631560000000000000e+05
1.625020000000000000e+05
1.618760000000000000e+05
1.610550000000000000e+05
1.604100000000000000e+05
1.598160000000000000e+05
1.592190000000000000e+05
1.586150000000000000e+05
1.579980000000000000e+05
1.573860000000000000e+05
1.567570000000000000e+05
1.561560000000000000e+05
1.554090000000000000e+05
1.549230000000000000e+05
1.542780000000000000e+05
1.536160000000000000e+05
1.530240000000000000e+05
1.524330000000000000e+05
1.517680000000000000e+05
1.511750000000000000e+05
1.506560000000000000e+05
1.501580000000000000e+05
1.495990000000000000e+05
1.490110000000000000e+05
1.483310000000000000e+05
1.476880000000000000e+05
1.470810000000000000e+05
1.464300000000000000e+05
1.458730000000000000e+05
1.452660000000000000e+05
1.446490000000000000e+05
1.439510000000000000e+05
1.433170000000000000e+05
1.427340000000000000e+05
1.420960000000000000e+05
1.414770000000000000e+05
1.409690000000000000e+05
1.403350000000000000e+05
1.397010000000000000e+05
1.390980000000000000e+05
1.385000000000000000e+05
1.379370000000000000e+05
1.373370000000000000e+05
1.366230000000000000e+05
1.359310000000000000e+05
1.353040000000000000e+05
1.346700000000000000e+05
1.342340000000000000e+05
1.336630000000000000e+05
1.330780000000000000e+05
1.325370000000000000e+05
1.318720000000000000e+05
1.313210000000000000e+05
1.307090000000000000e+05
1.301230000000000000e+05
1.294770000000000000e+05
1.289970000000000000e+05
1.284040000000000000e+05
1.278200000000000000e+05
1.273170000000000000e+05
1.266620000000000000e+05
1.261200000000000000e+05
1.254560000000000000e+05
1.249070000000000000e+05
1.243810000000000000e+05
1.238120000000000000e+05
1.231850000000000000e+05
1.226760000000000000e+05
1.221530000000000000e+05
1.216300000000000000e+05
1.210880000000000000e+05
1.205410000000000000e+05
1.200020000000000000e+05
1.194380000000000000e+05
1.188800000000000000e+05
1.184290000000000000e+05
1.178430000000000000e+05
1.172750000000000000e+05
1.167330000000000000e+05
1.161890000000000000e+05
1.156280000000000000e+05
1.150100000000000000e+05
1.144440000000000000e+05
1.138670000000000000e+05
1.133760000000000000e+05
1.128130000000000000e+05
1.122620000000000000e+05
1.117120000000000000e+05
1.112120000000000000e+05
1.107460000000000000e+05
1.102110000000000000e+05
1.096700000000000000e+05
1.091630000000000000e+05
1.087380000000000000e+05
1.082830000000000000e+05
1.078610000000000000e+05
1.073530000000000000e+05
1.068340000000000000e+05
1.063310000000000000e+05
1.058840000000000000e+05
1.053600000000000000e+05
1.048030000000000000e+05
1.044500000000000000e+05
1.039670000000000000e+05
1.034710000000000000e+05
1.029890000000000000e+05
1.024180000000000000e+05
1.018850000000000000e+05
1.014040000000000000e+05
1.009540000000000000e+05
1.004350000000000000e+05
9.996600000000000000e+04
9.951200000000000000e+04
9.894400000000000000e+04
9.841000000000000000e+04
9.797500000000000000e+04
9.750700000000000000e+04
9.714300000000000000e+04
9.669900000000000000e+04
9.618800000000000000e+04
9.569800000000000000e+04
9.527000000000000000e+04
9.484700000000000000e+04
9.450000000000000000e+04
9.405800000000000000e+04
9.357200000000000000e+04
9.305600000000000000e+04
9.252600000000000000e+04
9.202200000000000000e+04
9.151100000000000000e+04
9.105300000000000000e+04
9.059400000000000000e+04
9.015400000000000000e+04
8.975900000000000000e+04
8.933700000000000000e+04
8.884200000000000000e+04
8.840600000000000000e+04
8.795500000000000000e+04
8.751300000000000000e+04
8.707800000000000000e+04
8.666600000000000000e+04
8.621600000000000000e+04
8.577800000000000000e+04
8.528600000000000000e+04
8.489700000000000000e+04
8.451700000000000000e+04
8.415800000000000000e+04
8.367500000000000000e+04
8.324300000000000000e+04
8.284900000000000000e+04
8.238100000000000000e+04
8.194800000000000000e+04
8.155000000000000000e+04
8.114000000000000000e+04
8.070000000000000000e+04
8.033200000000000000e+04
7.993200000000000000e+04
7.955800000000000000e+04
7.919200000000000000e+04
7.878300000000000000e+04
7.836900000000000000e+04
7.800800000000000000e+04
7.765400000000000000e+04
7.726800000000000000e+04
7.690600000000000000e+04
7.646500000000000000e+04
7.607600000000000000e+04
7.569500000000000000e+04
7.531100000000000000e+04
7.493700000000000000e+04
7.461300000000000000e+04
7.415300000000000000e+04
7.378700000000000000e+04
7.343200000000000000e+04
7.301400000000000000e+04
7.265100000000000000e+04
7.228000000000000000e+04
7.187600000000000000e+04
7.151200000000000000e+04
7.113000000000000000e+04
7.076100000000000000e+04
7.033700000000000000e+04
6.993500000000000000e+04
6.964500000000000000e+04
6.926600000000000000e+04
6.888400000000000000e+04
6.853800000000000000e+04
6.824100000000000000e+04
6.796100000000000000e+04
6.760900000000000000e+04
6.719800000000000000e+04
6.688900000000000000e+04
6.654300000000000000e+04
6.617700000000000000e+04
6.577400000000000000e+04
6.535700000000000000e+04
6.504400000000000000e+04
6.469000000000000000e+04
6.428700000000000000e+04
6.392800000000000000e+04
6.361200000000000000e+04
6.328400000000000000e+04
6.294300000000000000e+04
6.266000000000000000e+04
6.234900000000000000e+04
6.197500000000000000e+04
6.168000000000000000e+04
6.137200000000000000e+04
6.102000000000000000e+04
6.068600000000000000e+04
6.035300000000000000e+04
6.007300000000000000e+04
5.975100000000000000e+04
5.941000000000000000e+04
5.916200000000000000e+04
5.887800000000000000e+04
5.854800000000000000e+04
5.824200000000000000e+04
5.792200000000000000e+04
5.766000000000000000e+04
5.738400000000000000e+04
5.713300000000000000e+04
5.682300000000000000e+04
5.653000000000000000e+04
5.628400000000000000e+04
5.598000000000000000e+04
5.571800000000000000e+04
5.537800000000000000e+04
5.506300000000000000e+04
5.481100000000000000e+04
5.458400000000000000e+04
5.433700000000000000e+04
5.408300000000000000e+04
5.383900000000000000e+04
5.361700000000000000e+04
5.336400000000000000e+04
5.310900000000000000e+04
5.280900000000000000e+04
5.248600000000000000e+04
5.229100000000000000e+04
5.203800000000000000e+04
5.181400000000000000e+04
5.153900000000000000e+04
5.126900000000000000e+04
5.100300000000000000e+04
5.070300000000000000e+04
5.043800000000000000e+04
5.019000000000000000e+04
4.986000000000000000e+04
4.958100000000000000e+04
4.933100000000000000e+04
4.915200000000000000e+04
4.894200000000000000e+04
4.865100000000000000e+04
4.842400000000000000e+04
4.816800000000000000e+04
4.788100000000000000e+04
4.759600000000000000e+04
4.735500000000000000e+04
4.717100000000000000e+04
4.689800000000000000e+04
4.669100000000000000e+04
4.644800000000000000e+04
4.623700000000000000e+04
4.605200000000000000e+04
4.584500000000000000e+04
4.558400000000000000e+04
4.537700000000000000e+04
4.512600000000000000e+04
4.488500000000000000e+04
4.464200000000000000e+04
4.437000000000000000e+04
4.415100000000000000e+04
4.396700000000000000e+04
4.373000000000000000e+04
4.351600000000000000e+04
4.334900000000000000e+04
4.318100000000000000e+04
4.300400000000000000e+04
4.277000000000000000e+04
4.254700000000000000e+04
4.232700000000000000e+04
4.212900000000000000e+04
4.196800000000000000e+04
4.172800000000000000e+04
4.148600000000000000e+04
4.129900000000000000e+04
4.107800000000000000e+04
4.082900000000000000e+04
4.062900000000000000e+04
4.045600000000000000e+04
4.031200000000000000e+04
4.016300000000000000e+04
