0.000000000000000000e+00
0.000000000000000000e+00
0.000000000000000000e+00
0.000000000000000000e+00
3.000000000000000000e+00
1.500000000000000000e+01
5.400000000000000000e+01
1.330000000000000000e+02
1.990000000000000000e+02
3.530000000000000000e+02
5.760000000000000000e+02
8.330000000000000000e+02
1.125000000000000000e+03
1.428000000000000000e+03
1.781000000000000000e+03
2.263000000000000000e+03
2.741000000000000000e+03
3.219000000000000000e+03
3.804000000000000000e+03
4.316000000000000000e+03
4.962000000000000000e+03
5.588000000000000000e+03
6.320000000000000000e+03
6.994000000000000000e+03
7.707000000000000000e+03
8.443000000000000000e+03
9.245000000000000000e+03
1.009200000000000000e+04
1.098600000000000000e+04
1.196800000000000000e+04
1.293500000000000000e+04
1.387600000000000000e+04
1.495200000000000000e+04
1.609300000000000000e+04
1.714000000000000000e+04
1.828900000000000000e+04
1.953100000000000000e+04
2.079600000000000000e+04
2.194800000000000000e+04
2.315900000000000000e+04
2.440600000000000000e+04
2.564100000000000000e+04
2.684900000000000000e+04
2.821300000000000000e+04
2.952500000000000000e+04
3.085000000000000000e+04
3.226400000000000000e+04
3.360800000000000000e+04
3.502500000000000000e+04
3.641700000000000000e+04
3.782600000000000000e+04
3.921800000000000000e+04
4.063400000000000000e+04
4.212600000000000000e+04
4.356100000000000000e+04
4.508300000000000000e+04
4.666800000000000000e+04
4.812300000000000000e+04
4.967600000000000000e+04
5.110300000000000000e+04
5.269000000000000000e+04
5.430700000000000000e+04
5.587600000000000000e+04
5.750200000000000000e+04
5.907200000000000000e+04
6.071900000000000000e+04
6.235200000000000000e+04
6.393800000000000000e+04
6.558800000000000000e+04
6.706200000000000000e+04
6.863500000000000000e+04
7.032000000000000000e+04
7.187100000000000000e+04
7.353900000000000000e+04
7.522600000000000000e+04
7.688800000000000000e+04
7.863400000000000000e+04
8.034600000000000000e+04
8.197600000000000000e+04
8.347700000000000000e+04
8.506200000000000000e+04
8.661900000000000000e+04
8.835000000000000000e+04
9.009200000000000000e+04
9.170600000000000000e+04
9.325800000000000000e+04
9.479400000000000000e+04
9.647800000000000000e+04
9.813600000000000000e+04
9.980600000000000000e+04
1.014820000000000000e+05
1.031780000000000000e+05
1.049430000000000000e+05
1.067240000000000000e+05
1.086430000000000000e+05
1.102430000000000000e+05
1.119650000000000000e+05
1.136860000000000000e+05
1.152290000000000000e+05
1.169120000000000000e+05
1.185460000000000000e+05
1.203330000000000000e+05
1.219890000000000000e+05
1.236310000000000000e+05
1.252440000000000000e+05
1.267420000000000000e+05
1.283550000000000000e+05
1.299280000000000000e+05
1.313720000000000000e+05
1.328590000000000000e+05
1.344410000000000000e+05
1.360150000000000000e+05
1.375140000000000000e+05
1.390250000000000000e+05
1.405180000000000000e+05
1.420800000000000000e+05
1.436090000000000000e+05
1.451400000000000000e+05
1.466810000000000000e+05
1.481090000000000000e+05
1.494790000000000000e+05
1.507640000000000000e+05
1.521500000000000000e+05
1.535890000000000000e+05
1.550160000000000000e+05
1.563370000000000000e+05
1.576390000000000000e+05
1.590330000000000000e+05
1.603940000000000000e+05
1.618120000000000000e+05
1.630900000000000000e+05
1.644230000000000000e+05
1.657820000000000000e+05
1.670340000000000000e+05
1.682840000000000000e+05
1.694890000000000000e+05
1.707190000000000000e+05
1.719250000000000000e+05
1.730600000000000000e+05
1.742820000000000000e+05
1.754470000000000000e+05
1.765050000000000000e+05
1.777380000000000000e+05
1.788160000000000000e+05
1.800340000000000000e+05
1.811330000000000000e+05
1.821060000000000000e+05
1.831590000000000000e+05
1.841440000000000000e+05
1.852220000000000000e+05
1.861980000000000000e+05
1.872870000000000000e+05
1.882720000000000000e+05
1.892570000000000000e+05
1.902720000000000000e+05
1.910930000000000000e+05
1.921630000000000000e+05
1.930580000000000000e+05
1.940990000000000000e+05
1.948610000000000000e+05
1.956860000000000000e+05
1.964360000000000000e+05
1.972350000000000000e+05
1.980960000000000000e+05
1.988070000000000000e+05
1.996590000000000000e+05
2.005520000000000000e+05
2.014580000000000000e+05
2.022810000000000000e+05
2.030720000000000000e+05
2.037510000000000000e+05
2.043700000000000000e+05
2.049400000000000000e+05
2.056700000000000000e+05
2.064110000000000000e+05
2.071560000000000000e+05
2.076870000000000000e+05
2.083940000000000000e+05
2.089670000000000000e+05
2.095630000000000000e+05
2.102070000000000000e+05
2.107190000000000000e+05
2.113860000000000000e+05
2.119740000000000000e+05
2.124660000000000000e+05
2.129320000000000000e+05
2.132890000000000000e+05
2.136790000000000000e+05
2.140320000000000000e+05
2.144640000000000000e+05
2.149610000000000000e+05
2.153720000000000000e+05
2.157060000000000000e+05
2.160940000000000000e+05
2.164430000000000000e+05
2.168020000000000000e+05
2.171880000000000000e+05
2.176140000000000000e+05
2.178510000000000000e+05
2.180450000000000000e+05
2.183410000000000000e+05
2.186070000000000000e+05
2.189730000000000000e+05
2.193540000000000000e+05
2.195680000000000000e+05
2.199170000000000000e+05
2.201240000000000000e+05
2.204100000000000000e+05
2.206300000000000000e+05
2.207640000000000000e+05
2.209670000000000000e+05
2.211100000000000000e+05
2.211020000000000000e+05
2.211990000000000000e+05
2.213620000000000000e+05
2.214540000000000000e+05
2.214110000000000000e+05
2.214960000000000000e+05
2.215930000000000000e+05
2.216770000000000000e+05
2.217130000000000000e+05
2.218180000000000000e+05
2.218200000000000000e+05
2.216690000000000000e+05
2.215340000000000000e+05
2.215320000000000000e+05
2.213250000000000000e+05
2.212420000000000000e+05
2.211980000000000000e+05
2.210990000000000000e+05
2.209620000000000000e+05
2.208490000000000000e+05
2.206390000000000000e+05
2.203700000000000000e+05
2.203300000000000000e+05
2.201380000000000000e+05
2.199540000000000000e+05
2.198380000000000000e+05
2.197060000000000000e+05
2.195370000000000000e+05
2.192870000000000000e+05
2.190500000000000000e+05
2.187120000000000000e+05
2.183660000000000000e+05
2.181150000000000000e+05
2.178840000000000000e+05
2.176460000000000000e+05
2.173340000000000000e+05
2.170280000000000000e+05
2.166540000000000000e+05
2.163260000000000000e+05
2.161650000000000000e+05
2.157980000000000000e+05
2.154580000000000000e+05
2.150280000000000000e+05
2.145560000000000000e+05
2.141500000000000000e+05
2.138800000000000000e+05
2.134130000000000000e+05
2.130020000000000000e+05
2.127900000000000000e+05
2.124550000000000000e+05
2.120580000000000000e+05
2.116220000000000000e+05
2.112250000000000000e+05
2.108220000000000000e+05
2.104750000000000000e+05
2.099970000000000000e+05
2.094990000000000000e+05
2.090350000000000000e+05
2.085250000000000000e+05
2.079620000000000000e+05
2.076160000000000000e+05
2.072720000000000000e+05
2.067800000000000000e+05
2.063260000000000000e+05
2.058600000000000000e+05
2.053800000000000000e+05
2.048340000000000000e+05
2.043160000000000000e+05
2.038380000000000000e+05
2.033140000000000000e+05
2.029610000000000000e+05
2.024530000000000000e+05
2.019030000000000000e+05
2.012600000000000000e+05
2.007730000000000000e+05
2.002650000000000000e+05
1.997000000000000000e+05
1.992180000000000000e+05
1.986410000000000000e+05
1.981560000000000000e+05
1.976360000000000000e+05
1.971280000000000000e+05
1.965970000000000000e+05
1.959690000000000000e+05
1.953640000000000000e+05
1.947100000000000000e+05
1.941190000000000000e+05
1.935270000000000000e+05
1.929740000000000000e+05
1.922530000000000000e+05
1.917730000000000000e+05
1.911720000000000000e+05
1.906330000000000000e+05
1.900190000000000000e+05
1.893830000000000000e+05
1.888220000000000000e+05
1.882190000000000000e+05
1.876850000000000000e+05
1.871990000000000000e+05
1.867290000000000000e+05
1.861320000000000000e+05
1.854960000000000000e+05
1.847750000000000000e+05
1.841930000000000000e+05
1.835300000000000000e+05
1.829510000000000000e+05
1.823310000000000000e+05
1.816810000000000000e+05
1.809250000000000000e+05
1.802990000000000000e+05
1.796040000000000000e+05
1.789150000000000000e+05
1.783050000000000000e+05
1.776480000000000000e+05
1.770930000000000000e+05
1.764480000000000000e+05
1.757080000000000000e+05
1.751270000000000000e+05
1.744700000000000000e+05
1.737760000000000000e+05
1.732050000000000000e+05
1.725740000000000000e+05
1.719360000000000000e+05
1.713290000000000000e+05
1.706940000000000000e+05
1.699950000000000000e+05
1.693750000000000000e+05
1.687290000000000000e+05
1.680430000000000000e+05
1.673650000000000000e+05
1.665780000000000000e+05
1.658870000000000000e+05
1.652850000000000000e+05
1.645760000000000000e+05
1.639120000000000000e+05
1.633380000000000000e+05
1.627020000000000000e+05
1.620070000000000000e+05
1.614410000000000000e+05
1.608530000000000000e+05
1.601990000000000000e+05
1.595960000000000000e+05
1.590010000000000000e+05
1.583420000000000000e+05
1.576280000000000000e+05
1.569580000000000000e+05
1.563850000000000000e+05
1.556700000000000000e+05
1.550940000000000000e+05
1.544770000000000000e+05
1.538600000000000000e+05
1.531670000000000000e+05
1.525960000000000000e+05
1.520110000000000000e+05
1.513220000000000000e+05
1.506440000000000000e+05
1.499980000000000000e+05
1.494170000000000000e+05
1.488590000000000000e+05
1.481640000000000000e+05
1.475430000000000000e+05
1.468720000000000000e+05
1.462470000000000000e+05
1.456370000000000000e+05
1.449870000000000000e+05
1.444270000000000000e+05
1.437510000000000000e+05
1.430550000000000000e+05
1.425160000000000000e+05
1.418440000000000000e+05
1.412540000000000000e+05
1.406030000000000000e+05
1.400080000000000000e+05
1.393920000000000000e+05
1.388570000000000000e+05
1.382380000000000000e+05
1.376990000000000000e+05
1.371440000000000000e+05
1.365150000000000000e+05
1.359260000000000000e+05
1.353740000000000000e+05
1.348550000000000000e+05
1.342390000000000000e+05
1.336640000000000000e+05
1.331520000000000000e+05
1.324810000000000000e+05
1.318610000000000000e+05
1.312500000000000000e+05
1.307110000000000000e+05
1.300720000000000000e+05
1.295520000000000000e+05
1.290210000000000000e+05
1.284420000000000000e+05
1.278060000000000000e+05
1.273350000000000000e+05
1.268010000000000000e+05
1.262160000000000000e+05
1.256060000000000000e+05
1.250100000000000000e+05
1.244360000000000000e+05
1.238810000000000000e+05
1.232730000000000000e+05
1.227080000000000000e+05
1.221380000000000000e+05
1.216420000000000000e+05
1.210920000000000000e+05
1.204910000000000000e+05
1.199010000000000000e+05
1.193380000000000000e+05
1.188130000000000000e+05
1.182410000000000000e+05
1.177660000000000000e+05
1.172510000000000000e+05
1.166990000000000000e+05
1.161890000000000000e+05
1.156050000000000000e+05
1.150280000000000000e+05
1.144500000000000000e+05
1.139580000000000000e+05
1.134040000000000000e+05
1.128600000000000000e+05
1.123550000000000000e+05
1.118080000000000000e+05
1.113150000000000000e+05
1.107640000000000000e+05
1.102800000000000000e+05
1.097770000000000000e+05
1.092270000000000000e+05
1.086940000000000000e+05
1.081590000000000000e+05
1.076150000000000000e+05
1.071350000000000000e+05
1.065850000000000000e+05
1.060520000000000000e+05
1.055910000000000000e+05
1.051190000000000000e+05
1.046330000000000000e+05
1.041620000000000000e+05
1.037680000000000000e+05
1.033010000000000000e+05
1.027960000000000000e+05
1.023090000000000000e+05
1.017780000000000000e+05
1.012680000000000000e+05
1.007260000000000000e+05
1.002480000000000000e+05
9.979800000000000000e+04
9.935400000000000000e+04
9.890200000000000000e+04
9.847300000000000000e+04
9.802300000000000000e+04
9.756400000000000000e+04
9.707600000000000000e+04
9.666400000000000000e+04
9.619500000000000000e+04
9.573900000000000000e+04
9.532700000000000000e+04
9.484900000000000000e+04
9.435100000000000000e+04
9.379300000000000000e+04
9.333900000000000000e+04
9.291300000000000000e+04
9.244900000000000000e+04
9.199100000000000000e+04
9.156300000000000000e+04
9.109900000000000000e+04
9.063800000000000000e+04
9.020500000000000000e+04
8.978000000000000000e+04
8.939300000000000000e+04
8.893100000000000000e+04
8.852500000000000000e+04
8.812900000000000000e+04
8.770500000000000000e+04
8.726500000000000000e+04
8.685100000000000000e+04
8.643400000000000000e+04
8.601100000000000000e+04
8.561300000000000000e+04
8.517000000000000000e+04
8.476100000000000000e+04
8.429600000000000000e+04
8.388000000000000000e+04
8.351300000000000000e+04
8.310700000000000000e+04
8.275000000000000000e+04
8.232500000000000000e+04
8.191800000000000000e+04
8.151300000000000000e+04
8.110200000000000000e+04
8.069000000000000000e+04
8.033400000000000000e+04
7.994400000000000000e+04
7.955800000000000000e+04
7.914000000000000000e+04
7.876100000000000000e+04
7.841000000000000000e+04
7.799600000000000000e+04
7.753500000000000000e+04
7.715400000000000000e+04
7.672300000000000000e+04
7.634400000000000000e+04
7.601200000000000000e+04
7.567600000000000000e+04
7.534300000000000000e+04
7.493300000000000000e+04
7.455500000000000000e+04
7.421300000000000000e+04
7.385800000000000000e+04
7.350100000000000000e+04
7.308900000000000000e+04
7.269100000000000000e+04
7.233000000000000000e+04
7.197000000000000000e+04
7.160200000000000000e+04
7.127000000000000000e+04
7.091500000000000000e+04
7.062200000000000000e+04
7.030600000000000000e+04
6.994400000000000000e+04
6.964400000000000000e+04
6.929000000000000000e+04
6.898900000000000000e+04
6.868100000000000000e+04
6.835400000000000000e+04
6.803700000000000000e+04
6.769000000000000000e+04
6.733900000000000000e+04
6.700900000000000000e+04
6.666000000000000000e+04
6.632100000000000000e+04
6.604800000000000000e+04
6.571800000000000000e+04
6.535800000000000000e+04
6.503700000000000000e+04
6.475600000000000000e+04
6.439300000000000000e+04
6.411200000000000000e+04
6.378000000000000000e+04
6.345600000000000000e+04
6.316500000000000000e+04
6.282700000000000000e+04
6.250100000000000000e+04
6.221600000000000000e+04
6.186500000000000000e+04
6.160200000000000000e+04
6.133000000000000000e+04
6.109500000000000000e+04
6.076200000000000000e+04
6.043500000000000000e+04
6.014400000000000000e+04
5.986900000000000000e+04
5.955100000000000000e+04
5.925500000000000000e+04
5.895100000000000000e+04
5.865000000000000000e+04
5.834400000000000000e+04
5.811400000000000000e+04
5.778800000000000000e+04
5.750500000000000000e+04
5.716700000000000000e+04
5.681400000000000000e+04
5.655500000000000000e+04
5.628000000000000000e+04
5.597500000000000000e+04
5.566100000000000000e+04
5.537900000000000000e+04
5.515900000000000000e+04
5.490000000000000000e+04
5.460700000000000000e+04
5.434100000000000000e+04
5.406500000000000000e+04
5.378400000000000000e+04
5.351300000000000000e+04
5.328400000000000000e+04
5.304800000000000000e+04
5.276300000000000000e+04
5.245600000000000000e+04
5.217900000000000000e+04
5.194700000000000000e+04
5.171400000000000000e+04
5.146000000000000000e+04
5.118000000000000000e+04
5.091600000000000000e+04
5.063300000000000000e+04
5.038900000000000000e+04
5.015500000000000000e+04
4.986900000000000000e+04
4.965200000000000000e+04
4.946200000000000000e+04
4.921200000000000000e+04
4.896800000000000000e+04
4.878100000000000000e+04
4.856900000000000000e+04
4.832300000000000000e+04
4.808900000000000000e+04
4.787600000000000000e+04
4.765300000000000000e+04
4.741500000000000000e+04
4.718500000000000000e+04
4.695600000000000000e+04
4.669200000000000000e+04
4.646900000000000000e+04
4.621300000000000000e+04
4.598100000000000000e+04
4.574300000000000000e+04
4.551300000000000000e+04
4.530700000000000000e+04
4.509300000000000000e+04
