0.000000000000000000e+00
0.000000000000000000e+00
0.000000000000000000e+00
0.000000000000000000e+00
0.000000000000000000e+00
0.000000000000000000e+00
0.000000000000000000e+00
2.000000000000000000e+00
3.000000000000000000e+00
1.300000000000000000e+01
1.900000000000000000e+01
2.100000000000000000e+01
3.800000000000000000e+01
4.900000000000000000e+01
7.500000000000000000e+01
8.700000000000000000e+01
1.030000000000000000e+02
1.370000000000000000e+02
1.630000000000000000e+02
1.800000000000000000e+02
2.030000000000000000e+02
2.320000000000000000e+02
3.050000000000000000e+02
3.430000000000000000e+02
3.820000000000000000e+02
4.320000000000000000e+02
4.710000000000000000e+02
5.190000000000000000e+02
6.090000000000000000e+02
6.890000000000000000e+02
7.570000000000000000e+02
8.080000000000000000e+02
8.750000000000000000e+02
9.680000000000000000e+02
1.070000000000000000e+03
1.182000000000000000e+03
1.304000000000000000e+03
1.403000000000000000e+03
1.496000000000000000e+03
1.623000000000000000e+03
1.746000000000000000e+03
1.892000000000000000e+03
2.024000000000000000e+03
2.142000000000000000e+03
2.281000000000000000e+03
2.448000000000000000e+03
2.611000000000000000e+03
2.768000000000000000e+03
2.958000000000000000e+03
3.191000000000000000e+03
3.399000000000000000e+03
3.572000000000000000e+03
3.785000000000000000e+03
4.023000000000000000e+03
4.246000000000000000e+03
4.476000000000000000e+03
4.747000000000000000e+03
4.990000000000000000e+03
5.249000000000000000e+03
5.475000000000000000e+03
5.777000000000000000e+03
6.046000000000000000e+03
6.366000000000000000e+03
6.638000000000000000e+03
6.946000000000000000e+03
7.252000000000000000e+03
7.570000000000000000e+03
7.847000000000000000e+03
8.184000000000000000e+03
8.509000000000000000e+03
8.827000000000000000e+03
9.169000000000000000e+03
9.480000000000000000e+03
9.805000000000000000e+03
1.014700000000000000e+04
1.055600000000000000e+04
1.094800000000000000e+04
1.136600000000000000e+04
1.178000000000000000e+04
1.218500000000000000e+04
1.258800000000000000e+04
1.301600000000000000e+04
1.341500000000000000e+04
1.384200000000000000e+04
1.430700000000000000e+04
1.479400000000000000e+04
1.526600000000000000e+04
1.578700000000000000e+04
1.628900000000000000e+04
1.675800000000000000e+04
1.729200000000000000e+04
1.785600000000000000e+04
1.836200000000000000e+04
1.893600000000000000e+04
1.952400000000000000e+04
2.007200000000000000e+04
2.061900000000000000e+04
2.124200000000000000e+04
2.179400000000000000e+04
2.237700000000000000e+04
2.301600000000000000e+04
2.366300000000000000e+04
2.417700000000000000e+04
2.477800000000000000e+04
2.543000000000000000e+04
2.612100000000000000e+04
2.679500000000000000e+04
2.739600000000000000e+04
2.809800000000000000e+04
2.881400000000000000e+04
2.951800000000000000e+04
3.025400000000000000e+04
3.096500000000000000e+04
3.169600000000000000e+04
3.234700000000000000e+04
3.308300000000000000e+04
3.378500000000000000e+04
3.456800000000000000e+04
3.532700000000000000e+04
3.605900000000000000e+04
3.677500000000000000e+04
3.761000000000000000e+04
3.845100000000000000e+04
3.924000000000000000e+04
4.011400000000000000e+04
4.093800000000000000e+04
4.175900000000000000e+04
4.256800000000000000e+04
4.341200000000000000e+04
4.422300000000000000e+04
4.502300000000000000e+04
4.588200000000000000e+04
4.674300000000000000e+04
4.770200000000000000e+04
4.850000000000000000e+04
4.942200000000000000e+04
5.039400000000000000e+04
5.133600000000000000e+04
5.214600000000000000e+04
5.293600000000000000e+04
5.386700000000000000e+04
5.477600000000000000e+04
5.571700000000000000e+04
5.653000000000000000e+04
5.744100000000000000e+04
5.830400000000000000e+04
5.922900000000000000e+04
6.005600000000000000e+04
6.092700000000000000e+04
6.182800000000000000e+04
6.274600000000000000e+04
6.367500000000000000e+04
6.465500000000000000e+04
6.563000000000000000e+04
6.664700000000000000e+04
6.756200000000000000e+04
6.852000000000000000e+04
6.951700000000000000e+04
7.052400000000000000e+04
7.152400000000000000e+04
7.252400000000000000e+04
7.353200000000000000e+04
7.446300000000000000e+04
7.552700000000000000e+04
7.663300000000000000e+04
7.761600000000000000e+04
7.866100000000000000e+04
7.966800000000000000e+04
8.060400000000000000e+04
8.170000000000000000e+04
8.259800000000000000e+04
8.355800000000000000e+04
8.457300000000000000e+04
8.568200000000000000e+04
8.663900000000000000e+04
8.756700000000000000e+04
8.853400000000000000e+04
8.958600000000000000e+04
9.065000000000000000e+04
9.164000000000000000e+04
9.269000000000000000e+04
9.373200000000000000e+04
9.470100000000000000e+04
9.571500000000000000e+04
9.680700000000000000e+04
9.790800000000000000e+04
9.896900000000000000e+04
9.999300000000000000e+04
1.010610000000000000e+05
1.020130000000000000e+05
1.030960000000000000e+05
1.041650000000000000e+05
1.050460000000000000e+05
1.060770000000000000e+05
1.073090000000000000e+05
1.083060000000000000e+05
1.094270000000000000e+05
1.105650000000000000e+05
1.115140000000000000e+05
1.126120000000000000e+05
1.137690000000000000e+05
1.148340000000000000e+05
1.159450000000000000e+05
1.170130000000000000e+05
1.180330000000000000e+05
1.190810000000000000e+05
1.201080000000000000e+05
1.211770000000000000e+05
1.222460000000000000e+05
1.232730000000000000e+05
1.243090000000000000e+05
1.251800000000000000e+05
1.262020000000000000e+05
1.272050000000000000e+05
1.282220000000000000e+05
1.292580000000000000e+05
1.302470000000000000e+05
1.312490000000000000e+05
1.321860000000000000e+05
1.331340000000000000e+05
1.342460000000000000e+05
1.352600000000000000e+05
1.362550000000000000e+05
1.372380000000000000e+05
1.383350000000000000e+05
1.392760000000000000e+05
1.401910000000000000e+05
1.410180000000000000e+05
1.419400000000000000e+05
1.429950000000000000e+05
1.439820000000000000e+05
1.449430000000000000e+05
1.461100000000000000e+05
1.471850000000000000e+05
1.480220000000000000e+05
1.489540000000000000e+05
1.499190000000000000e+05
1.508370000000000000e+05
1.517190000000000000e+05
1.526850000000000000e+05
1.537150000000000000e+05
1.546340000000000000e+05
1.555410000000000000e+05
1.564530000000000000e+05
1.572610000000000000e+05
1.581090000000000000e+05
1.589010000000000000e+05
1.597790000000000000e+05
1.606020000000000000e+05
1.615040000000000000e+05
1.624280000000000000e+05
1.632510000000000000e+05
1.641140000000000000e+05
1.651350000000000000e+05
1.661560000000000000e+05
1.670010000000000000e+05
1.678620000000000000e+05
1.688070000000000000e+05
1.696660000000000000e+05
1.706020000000000000e+05
1.714270000000000000e+05
1.721870000000000000e+05
1.730620000000000000e+05
1.739360000000000000e+05
1.747400000000000000e+05
1.754530000000000000e+05
1.762200000000000000e+05
1.770210000000000000e+05
1.777750000000000000e+05
1.784500000000000000e+05
1.793120000000000000e+05
1.800710000000000000e+05
1.808970000000000000e+05
1.816800000000000000e+05
1.825070000000000000e+05
1.832870000000000000e+05
1.839800000000000000e+05
1.847110000000000000e+05
1.855390000000000000e+05
1.861760000000000000e+05
1.869000000000000000e+05
1.875820000000000000e+05
1.881570000000000000e+05
1.888320000000000000e+05
1.894970000000000000e+05
1.902580000000000000e+05
1.909700000000000000e+05
1.917550000000000000e+05
1.923420000000000000e+05
1.929360000000000000e+05
1.935180000000000000e+05
1.942540000000000000e+05
1.948830000000000000e+05
1.955870000000000000e+05
1.961240000000000000e+05
1.967320000000000000e+05
1.972770000000000000e+05
1.979010000000000000e+05
1.986890000000000000e+05
1.992830000000000000e+05
1.999330000000000000e+05
2.006320000000000000e+05
2.012300000000000000e+05
2.018610000000000000e+05
2.024020000000000000e+05
2.027850000000000000e+05
2.034610000000000000e+05
2.040890000000000000e+05
2.046050000000000000e+05
2.052270000000000000e+05
2.057050000000000000e+05
2.061430000000000000e+05
2.066120000000000000e+05
2.071000000000000000e+05
2.076250000000000000e+05
2.081980000000000000e+05
2.086460000000000000e+05
2.089850000000000000e+05
2.093740000000000000e+05
2.099910000000000000e+05
2.105890000000000000e+05
2.109350000000000000e+05
2.115320000000000000e+05
2.120250000000000000e+05
2.124490000000000000e+05
2.129550000000000000e+05
2.134500000000000000e+05
2.138210000000000000e+05
2.142910000000000000e+05
2.148140000000000000e+05
2.153070000000000000e+05
2.157950000000000000e+05
2.161450000000000000e+05
2.166280000000000000e+05
2.171020000000000000e+05
2.175670000000000000e+05
2.178010000000000000e+05
2.182000000000000000e+05
2.184830000000000000e+05
2.188040000000000000e+05
2.193000000000000000e+05
2.197500000000000000e+05
2.201700000000000000e+05
2.205510000000000000e+05
2.209500000000000000e+05
2.212570000000000000e+05
2.217090000000000000e+05
2.220220000000000000e+05
2.223760000000000000e+05
2.227530000000000000e+05
2.230840000000000000e+05
2.234980000000000000e+05
2.239130000000000000e+05
2.241970000000000000e+05
2.245820000000000000e+05
2.248110000000000000e+05
2.251610000000000000e+05
2.255000000000000000e+05
2.258700000000000000e+05
2.261970000000000000e+05
2.265840000000000000e+05
2.269390000000000000e+05
2.271650000000000000e+05
2.274810000000000000e+05
2.275980000000000000e+05
2.278740000000000000e+05
2.280590000000000000e+05
2.283580000000000000e+05
2.286160000000000000e+05
2.286850000000000000e+05
2.289860000000000000e+05
2.292160000000000000e+05
2.296180000000000000e+05
2.299200000000000000e+05
2.301870000000000000e+05
2.303670000000000000e+05
2.305920000000000000e+05
2.307900000000000000e+05
2.310160000000000000e+05
2.313060000000000000e+05
2.314440000000000000e+05
2.316750000000000000e+05
2.316820000000000000e+05
2.318070000000000000e+05
2.318280000000000000e+05
2.318770000000000000e+05
2.320510000000000000e+05
2.321960000000000000e+05
2.323420000000000000e+05
2.323420000000000000e+05
2.325700000000000000e+05
2.327220000000000000e+05
2.329200000000000000e+05
2.330480000000000000e+05
2.331030000000000000e+05
2.332980000000000000e+05
2.334300000000000000e+05
2.335990000000000000e+05
2.336050000000000000e+05
2.336220000000000000e+05
2.336190000000000000e+05
2.337630000000000000e+05
2.339390000000000000e+05
2.341020000000000000e+05
2.342490000000000000e+05
2.344020000000000000e+05
2.343540000000000000e+05
2.342660000000000000e+05
2.342530000000000000e+05
2.343920000000000000e+05
2.342910000000000000e+05
2.342880000000000000e+05
2.344610000000000000e+05
2.346720000000000000e+05
2.348530000000000000e+05
2.350070000000000000e+05
2.348280000000000000e+05
2.349490000000000000e+05
2.348960000000000000e+05
2.350140000000000000e+05
2.350680000000000000e+05
2.350800000000000000e+05
2.350450000000000000e+05
2.349530000000000000e+05
2.350660000000000000e+05
2.350290000000000000e+05
2.349610000000000000e+05
2.348780000000000000e+05
2.349470000000000000e+05
2.349660000000000000e+05
2.347930000000000000e+05
2.347310000000000000e+05
2.347390000000000000e+05
2.346880000000000000e+05
2.347690000000000000e+05
2.348220000000000000e+05
2.347660000000000000e+05
2.348210000000000000e+05
2.347510000000000000e+05
2.348230000000000000e+05
2.347910000000000000e+05
2.347820000000000000e+05
2.347690000000000000e+05
2.346540000000000000e+05
2.346130000000000000e+05
2.345390000000000000e+05
2.344840000000000000e+05
2.344920000000000000e+05
2.344560000000000000e+05
2.344170000000000000e+05
2.343490000000000000e+05
2.343540000000000000e+05
2.343450000000000000e+05
2.343370000000000000e+05
2.343150000000000000e+05
2.343550000000000000e+05
2.342180000000000000e+05
2.341650000000000000e+05
2.339970000000000000e+05
2.338790000000000000e+05
2.338440000000000000e+05
2.337160000000000000e+05
2.336150000000000000e+05
2.335900000000000000e+05
2.333850000000000000e+05
2.332190000000000000e+05
2.331400000000000000e+05
2.330650000000000000e+05
2.327980000000000000e+05
2.327400000000000000e+05
2.326810000000000000e+05
2.326830000000000000e+05
2.325100000000000000e+05
2.323460000000000000e+05
2.321350000000000000e+05
2.319940000000000000e+05
2.319060000000000000e+05
2.316230000000000000e+05
2.315890000000000000e+05
2.316060000000000000e+05
2.315380000000000000e+05
2.313060000000000000e+05
2.312490000000000000e+05
2.310650000000000000e+05
2.310320000000000000e+05
2.309400000000000000e+05
2.307770000000000000e+05
2.306320000000000000e+05
2.305460000000000000e+05
2.303860000000000000e+05
2.302070000000000000e+05
2.300350000000000000e+05
2.298430000000000000e+05
2.297530000000000000e+05
2.296490000000000000e+05
2.295600000000000000e+05
2.294910000000000000e+05
2.293740000000000000e+05
2.291710000000000000e+05
2.290540000000000000e+05
2.288440000000000000e+05
2.287270000000000000e+05
2.285870000000000000e+05
2.284370000000000000e+05
2.283390000000000000e+05
2.281920000000000000e+05
2.279060000000000000e+05
2.276610000000000000e+05
2.275130000000000000e+05
2.273390000000000000e+05
2.272690000000000000e+05
2.271050000000000000e+05
2.270650000000000000e+05
2.269300000000000000e+05
2.268030000000000000e+05
2.266260000000000000e+05
2.263920000000000000e+05
2.262150000000000000e+05
2.259970000000000000e+05
2.258010000000000000e+05
2.256020000000000000e+05
2.254640000000000000e+05
2.253720000000000000e+05
2.251750000000000000e+05
2.250340000000000000e+05
2.248810000000000000e+05
2.246990000000000000e+05
2.245000000000000000e+05
2.243380000000000000e+05
2.241650000000000000e+05
2.238990000000000000e+05
2.236220000000000000e+05
2.233140000000000000e+05
2.230360000000000000e+05
2.228120000000000000e+05
2.225520000000000000e+05
2.223370000000000000e+05
2.221860000000000000e+05
2.220340000000000000e+05
2.218200000000000000e+05
2.216360000000000000e+05
2.213470000000000000e+05
2.210830000000000000e+05
2.208470000000000000e+05
2.205890000000000000e+05
2.203300000000000000e+05
2.201750000000000000e+05
2.198620000000000000e+05
2.195730000000000000e+05
2.193360000000000000e+05
2.190910000000000000e+05
2.189280000000000000e+05
2.186410000000000000e+05
2.183100000000000000e+05
2.181070000000000000e+05
2.179180000000000000e+05
2.177530000000000000e+05
2.174940000000000000e+05
2.173350000000000000e+05
2.170900000000000000e+05
2.168860000000000000e+05
2.165940000000000000e+05
2.163310000000000000e+05
2.161420000000000000e+05
2.158970000000000000e+05
2.156980000000000000e+05
2.155350000000000000e+05
2.151420000000000000e+05
2.148810000000000000e+05
2.146650000000000000e+05
2.143470000000000000e+05
2.141940000000000000e+05
2.140800000000000000e+05
2.138420000000000000e+05
2.136930000000000000e+05
2.134290000000000000e+05
2.132150000000000000e+05
2.130470000000000000e+05
2.128660000000000000e+05
2.126470000000000000e+05
2.124060000000000000e+05
2.122160000000000000e+05
2.119100000000000000e+05
2.117560000000000000e+05
2.114510000000000000e+05
2.111870000000000000e+05
2.110090000000000000e+05
2.107520000000000000e+05
2.106070000000000000e+05
2.103770000000000000e+05
2.101760000000000000e+05
2.099120000000000000e+05
2.096040000000000000e+05
2.093300000000000000e+05
2.091030000000000000e+05
2.087840000000000000e+05
2.085540000000000000e+05
2.083090000000000000e+05
2.080150000000000000e+05
2.078580000000000000e+05
2.075720000000000000e+05
2.072430000000000000e+05
2.069260000000000000e+05
2.066880000000000000e+05
2.064340000000000000e+05
2.060860000000000000e+05
2.058210000000000000e+05
2.055330000000000000e+05
2.052100000000000000e+05
2.050430000000000000e+05
2.048170000000000000e+05
2.045390000000000000e+05
2.042860000000000000e+05
2.039970000000000000e+05
2.037040000000000000e+05
2.034160000000000000e+05
2.031450000000000000e+05
2.028430000000000000e+05
2.025990000000000000e+05
2.021290000000000000e+05
2.018370000000000000e+05
