0.000000000000000000e+00
0.000000000000000000e+00
0.000000000000000000e+00
0.000000000000000000e+00
0.000000000000000000e+00
0.000000000000000000e+00
1.000000000000000000e+00
1.000000000000000000e+00
2.100000000000000000e+01
2.100000000000000000e+01
2.300000000000000000e+01
2.300000000000000000e+01
3.000000000000000000e+01
3.400000000000000000e+01
3.600000000000000000e+01
4.600000000000000000e+01
5.800000000000000000e+01
9.300000000000000000e+01
9.300000000000000000e+01
1.090000000000000000e+02
1.280000000000000000e+02
1.580000000000000000e+02
1.840000000000000000e+02
2.210000000000000000e+02
2.640000000000000000e+02
2.820000000000000000e+02
3.170000000000000000e+02
3.700000000000000000e+02
4.580000000000000000e+02
5.040000000000000000e+02
5.820000000000000000e+02
6.310000000000000000e+02
6.900000000000000000e+02
7.710000000000000000e+02
8.220000000000000000e+02
8.930000000000000000e+02
9.890000000000000000e+02
1.112000000000000000e+03
1.210000000000000000e+03
1.342000000000000000e+03
1.484000000000000000e+03
1.599000000000000000e+03
1.736000000000000000e+03
1.897000000000000000e+03
2.062000000000000000e+03
2.200000000000000000e+03
2.374000000000000000e+03
2.564000000000000000e+03
2.710000000000000000e+03
2.914000000000000000e+03
3.086000000000000000e+03
3.249000000000000000e+03
3.432000000000000000e+03
3.669000000000000000e+03
3.866000000000000000e+03
4.045000000000000000e+03
4.254000000000000000e+03
4.517000000000000000e+03
4.802000000000000000e+03
5.038000000000000000e+03
5.297000000000000000e+03
5.525000000000000000e+03
5.808000000000000000e+03
6.104000000000000000e+03
6.425000000000000000e+03
6.710000000000000000e+03
7.007000000000000000e+03
7.310000000000000000e+03
7.604000000000000000e+03
7.884000000000000000e+03
8.209000000000000000e+03
8.517000000000000000e+03
8.874000000000000000e+03
9.310000000000000000e+03
9.655000000000000000e+03
1.003400000000000000e+04
1.042000000000000000e+04
1.081100000000000000e+04
1.116300000000000000e+04
1.153900000000000000e+04
1.195300000000000000e+04
1.237300000000000000e+04
1.280700000000000000e+04
1.322200000000000000e+04
1.365000000000000000e+04
1.408300000000000000e+04
1.456000000000000000e+04
1.507900000000000000e+04
1.559600000000000000e+04
1.613400000000000000e+04
1.662800000000000000e+04
1.713900000000000000e+04
1.768100000000000000e+04
1.834700000000000000e+04
1.899800000000000000e+04
1.951900000000000000e+04
2.014600000000000000e+04
2.068800000000000000e+04
2.129700000000000000e+04
2.186500000000000000e+04
2.246500000000000000e+04
2.312100000000000000e+04
2.370800000000000000e+04
2.430600000000000000e+04
2.498500000000000000e+04
2.557600000000000000e+04
2.622800000000000000e+04
2.687000000000000000e+04
2.757900000000000000e+04
2.828600000000000000e+04
2.898700000000000000e+04
2.978000000000000000e+04
3.056700000000000000e+04
3.127500000000000000e+04
3.199100000000000000e+04
3.273600000000000000e+04
3.351300000000000000e+04
3.422400000000000000e+04
3.498900000000000000e+04
3.571200000000000000e+04
3.649100000000000000e+04
3.732500000000000000e+04
3.821400000000000000e+04
3.909300000000000000e+04
4.001700000000000000e+04
4.090700000000000000e+04
4.171700000000000000e+04
4.258700000000000000e+04
4.347200000000000000e+04
4.433100000000000000e+04
4.515800000000000000e+04
4.604200000000000000e+04
4.690400000000000000e+04
4.786100000000000000e+04
4.873000000000000000e+04
4.967500000000000000e+04
5.058300000000000000e+04
5.153900000000000000e+04
5.248500000000000000e+04
5.342000000000000000e+04
5.440600000000000000e+04
5.541900000000000000e+04
5.643800000000000000e+04
5.739500000000000000e+04
5.839700000000000000e+04
5.943800000000000000e+04
6.044500000000000000e+04
6.141100000000000000e+04
6.236000000000000000e+04
6.350000000000000000e+04
6.451100000000000000e+04
6.567400000000000000e+04
6.673800000000000000e+04
6.776100000000000000e+04
6.879700000000000000e+04
6.991900000000000000e+04
7.086100000000000000e+04
7.200500000000000000e+04
7.305900000000000000e+04
7.423600000000000000e+04
7.533300000000000000e+04
7.653000000000000000e+04
7.763600000000000000e+04
7.873100000000000000e+04
7.985200000000000000e+04
8.088600000000000000e+04
8.191600000000000000e+04
8.302500000000000000e+04
8.409000000000000000e+04
8.518000000000000000e+04
8.623500000000000000e+04
8.735500000000000000e+04
8.854600000000000000e+04
8.974700000000000000e+04
9.075900000000000000e+04
9.177600000000000000e+04
9.292400000000000000e+04
9.418500000000000000e+04
9.531800000000000000e+04
9.654800000000000000e+04
9.774600000000000000e+04
9.894000000000000000e+04
1.001190000000000000e+05
1.012890000000000000e+05
1.025650000000000000e+05
1.038150000000000000e+05
1.051190000000000000e+05
1.062260000000000000e+05
1.074560000000000000e+05
1.086600000000000000e+05
1.097510000000000000e+05
1.108310000000000000e+05
1.120270000000000000e+05
1.132480000000000000e+05
1.143510000000000000e+05
1.155100000000000000e+05
1.165610000000000000e+05
1.177900000000000000e+05
1.189160000000000000e+05
1.200870000000000000e+05
1.212750000000000000e+05
1.224100000000000000e+05
1.235840000000000000e+05
1.248150000000000000e+05
1.259840000000000000e+05
1.271770000000000000e+05
1.283100000000000000e+05
1.294950000000000000e+05
1.306060000000000000e+05
1.317610000000000000e+05
1.329310000000000000e+05
1.341820000000000000e+05
1.355640000000000000e+05
1.367620000000000000e+05
1.378800000000000000e+05
1.390070000000000000e+05
1.402040000000000000e+05
1.412810000000000000e+05
1.424580000000000000e+05
1.436550000000000000e+05
1.449910000000000000e+05
1.460970000000000000e+05
1.472150000000000000e+05
1.484530000000000000e+05
1.496950000000000000e+05
1.507930000000000000e+05
1.520110000000000000e+05
1.529990000000000000e+05
1.540630000000000000e+05
1.551440000000000000e+05
1.563000000000000000e+05
1.573390000000000000e+05
1.585480000000000000e+05
1.598670000000000000e+05
1.609720000000000000e+05
1.621590000000000000e+05
1.632070000000000000e+05
1.643480000000000000e+05
1.653260000000000000e+05
1.664860000000000000e+05
1.675140000000000000e+05
1.685360000000000000e+05
1.696970000000000000e+05
1.707170000000000000e+05
1.717480000000000000e+05
1.727010000000000000e+05
1.737260000000000000e+05
1.746600000000000000e+05
1.757030000000000000e+05
1.768080000000000000e+05
1.778550000000000000e+05
1.788780000000000000e+05
1.798810000000000000e+05
1.809600000000000000e+05
1.821030000000000000e+05
1.832410000000000000e+05
1.842700000000000000e+05
1.852350000000000000e+05
1.863110000000000000e+05
1.873150000000000000e+05
1.882090000000000000e+05
1.891080000000000000e+05
1.901950000000000000e+05
1.912130000000000000e+05
1.921930000000000000e+05
1.931220000000000000e+05
1.941880000000000000e+05
1.951340000000000000e+05
1.960870000000000000e+05
1.969940000000000000e+05
1.979110000000000000e+05
1.988960000000000000e+05
1.997650000000000000e+05
2.007060000000000000e+05
2.016480000000000000e+05
2.026700000000000000e+05
2.033990000000000000e+05
2.043810000000000000e+05
2.052320000000000000e+05
2.061330000000000000e+05
2.069040000000000000e+05
2.077350000000000000e+05
2.085650000000000000e+05
2.093720000000000000e+05
2.101650000000000000e+05
2.109760000000000000e+05
2.116920000000000000e+05
2.126670000000000000e+05
2.135270000000000000e+05
2.142810000000000000e+05
2.152650000000000000e+05
2.160060000000000000e+05
2.167780000000000000e+05
2.174810000000000000e+05
2.182990000000000000e+05
2.189340000000000000e+05
2.197150000000000000e+05
2.204420000000000000e+05
2.211330000000000000e+05
2.219240000000000000e+05
2.226730000000000000e+05
2.234990000000000000e+05
2.242040000000000000e+05
2.248400000000000000e+05
2.254470000000000000e+05
2.262390000000000000e+05
2.268430000000000000e+05
2.274990000000000000e+05
2.282440000000000000e+05
2.288880000000000000e+05
2.295650000000000000e+05
2.300870000000000000e+05
2.307480000000000000e+05
2.313620000000000000e+05
2.321170000000000000e+05
2.327730000000000000e+05
2.334610000000000000e+05
2.340210000000000000e+05
2.345930000000000000e+05
2.352160000000000000e+05
2.358780000000000000e+05
2.365240000000000000e+05
2.371790000000000000e+05
2.377340000000000000e+05
2.383570000000000000e+05
2.390370000000000000e+05
2.396930000000000000e+05
2.403130000000000000e+05
2.409250000000000000e+05
2.415620000000000000e+05
2.420910000000000000e+05
2.426830000000000000e+05
2.431920000000000000e+05
2.437530000000000000e+05
2.443680000000000000e+05
2.448770000000000000e+05
2.453570000000000000e+05
2.459010000000000000e+05
2.462780000000000000e+05
2.467310000000000000e+05
2.474540000000000000e+05
2.479740000000000000e+05
2.485200000000000000e+05
2.490850000000000000e+05
2.495500000000000000e+05
2.500580000000000000e+05
2.505020000000000000e+05
2.509430000000000000e+05
2.513320000000000000e+05
2.516920000000000000e+05
2.520430000000000000e+05
2.525290000000000000e+05
2.530440000000000000e+05
2.533170000000000000e+05
2.537880000000000000e+05
2.542760000000000000e+05
2.546550000000000000e+05
2.551040000000000000e+05
2.555240000000000000e+05
2.559360000000000000e+05
2.562960000000000000e+05
2.566730000000000000e+05
2.570550000000000000e+05
2.574020000000000000e+05
2.577850000000000000e+05
2.580220000000000000e+05
2.583450000000000000e+05
2.587350000000000000e+05
2.590600000000000000e+05
2.593100000000000000e+05
2.595410000000000000e+05
2.599500000000000000e+05
2.602900000000000000e+05
2.606810000000000000e+05
2.609840000000000000e+05
2.612120000000000000e+05
2.614130000000000000e+05
2.615910000000000000e+05
2.618730000000000000e+05
2.622120000000000000e+05
2.623070000000000000e+05
2.626360000000000000e+05
2.627920000000000000e+05
2.630360000000000000e+05
2.631820000000000000e+05
2.635080000000000000e+05
2.637540000000000000e+05
2.638910000000000000e+05
2.641180000000000000e+05
2.643450000000000000e+05
2.645620000000000000e+05
2.647630000000000000e+05
2.649780000000000000e+05
2.650920000000000000e+05
2.653260000000000000e+05
2.654380000000000000e+05
2.655020000000000000e+05
2.656640000000000000e+05
2.657050000000000000e+05
2.658500000000000000e+05
2.660000000000000000e+05
2.661680000000000000e+05
2.663300000000000000e+05
2.664140000000000000e+05
2.666670000000000000e+05
2.667600000000000000e+05
2.666920000000000000e+05
2.667820000000000000e+05
2.669480000000000000e+05
2.671640000000000000e+05
2.672440000000000000e+05
2.672830000000000000e+05
2.673890000000000000e+05
2.675450000000000000e+05
2.676140000000000000e+05
2.677480000000000000e+05
2.677530000000000000e+05
2.678060000000000000e+05
2.679190000000000000e+05
2.680690000000000000e+05
2.682100000000000000e+05
2.682600000000000000e+05
2.682480000000000000e+05
2.680780000000000000e+05
2.680900000000000000e+05
2.680420000000000000e+05
2.679450000000000000e+05
2.680220000000000000e+05
2.679420000000000000e+05
2.681260000000000000e+05
2.680550000000000000e+05
2.680940000000000000e+05
2.681190000000000000e+05
2.681690000000000000e+05
2.682560000000000000e+05
2.682820000000000000e+05
2.682760000000000000e+05
2.682270000000000000e+05
2.682030000000000000e+05
2.682750000000000000e+05
2.681960000000000000e+05
2.681760000000000000e+05
2.682720000000000000e+05
2.682460000000000000e+05
2.683040000000000000e+05
2.683570000000000000e+05
2.682890000000000000e+05
2.683310000000000000e+05
2.682530000000000000e+05
2.682330000000000000e+05
2.681920000000000000e+05
2.681000000000000000e+05
2.680560000000000000e+05
2.681000000000000000e+05
2.681110000000000000e+05
2.682210000000000000e+05
2.681970000000000000e+05
2.682200000000000000e+05
2.681650000000000000e+05
2.680530000000000000e+05
2.680470000000000000e+05
2.680280000000000000e+05
2.680030000000000000e+05
2.680050000000000000e+05
2.678420000000000000e+05
2.677560000000000000e+05
2.676370000000000000e+05
2.675060000000000000e+05
2.673230000000000000e+05
2.672500000000000000e+05
2.670670000000000000e+05
2.671050000000000000e+05
2.670420000000000000e+05
2.669420000000000000e+05
2.668210000000000000e+05
2.666970000000000000e+05
2.666540000000000000e+05
2.665870000000000000e+05
2.665140000000000000e+05
2.664580000000000000e+05
2.662580000000000000e+05
2.661300000000000000e+05
2.660460000000000000e+05
2.658650000000000000e+05
2.656850000000000000e+05
2.655810000000000000e+05
2.654230000000000000e+05
2.652640000000000000e+05
2.650930000000000000e+05
2.649000000000000000e+05
2.647250000000000000e+05
2.646140000000000000e+05
2.645200000000000000e+05
2.644200000000000000e+05
2.642180000000000000e+05
2.640670000000000000e+05
2.638980000000000000e+05
2.637130000000000000e+05
2.635130000000000000e+05
2.634350000000000000e+05
2.632540000000000000e+05
2.631080000000000000e+05
2.629620000000000000e+05
2.628130000000000000e+05
2.625650000000000000e+05
2.623260000000000000e+05
2.621290000000000000e+05
2.619910000000000000e+05
2.618060000000000000e+05
2.616150000000000000e+05
2.615320000000000000e+05
2.613120000000000000e+05
2.611140000000000000e+05
2.609340000000000000e+05
2.608090000000000000e+05
2.606230000000000000e+05
2.602640000000000000e+05
2.600740000000000000e+05
2.599410000000000000e+05
2.597380000000000000e+05
2.594630000000000000e+05
2.593110000000000000e+05
2.592230000000000000e+05
2.590120000000000000e+05
2.587880000000000000e+05
2.585960000000000000e+05
2.583790000000000000e+05
2.581490000000000000e+05
2.579130000000000000e+05
2.577220000000000000e+05
2.575240000000000000e+05
2.572420000000000000e+05
2.570480000000000000e+05
2.568760000000000000e+05
2.566030000000000000e+05
2.563960000000000000e+05
2.562300000000000000e+05
2.559030000000000000e+05
2.557430000000000000e+05
2.555130000000000000e+05
2.552770000000000000e+05
2.550500000000000000e+05
2.547350000000000000e+05
2.545610000000000000e+05
2.543530000000000000e+05
2.541220000000000000e+05
2.539270000000000000e+05
2.536660000000000000e+05
2.533880000000000000e+05
2.530780000000000000e+05
2.528080000000000000e+05
2.526150000000000000e+05
2.523640000000000000e+05
2.521620000000000000e+05
2.519570000000000000e+05
2.516430000000000000e+05
2.514770000000000000e+05
2.511590000000000000e+05
2.508960000000000000e+05
2.506220000000000000e+05
2.503730000000000000e+05
2.501370000000000000e+05
2.499330000000000000e+05
2.496330000000000000e+05
2.493900000000000000e+05
2.491340000000000000e+05
2.489250000000000000e+05
2.486170000000000000e+05
2.484000000000000000e+05
2.480950000000000000e+05
2.479090000000000000e+05
2.476100000000000000e+05
2.474670000000000000e+05
2.471720000000000000e+05
2.469240000000000000e+05
2.465640000000000000e+05
2.463130000000000000e+05
2.460780000000000000e+05
2.458630000000000000e+05
2.455300000000000000e+05
2.452630000000000000e+05
2.450200000000000000e+05
2.446930000000000000e+05
2.445330000000000000e+05
2.442340000000000000e+05
2.439680000000000000e+05
2.437670000000000000e+05
2.434960000000000000e+05
2.432780000000000000e+05
2.429720000000000000e+05
2.427200000000000000e+05
2.423740000000000000e+05
2.420080000000000000e+05
2.415690000000000000e+05
2.412770000000000000e+05
2.408350000000000000e+05
2.405760000000000000e+05
2.402440000000000000e+05
2.399260000000000000e+05
2.397730000000000000e+05
2.394490000000000000e+05
2.391130000000000000e+05
2.388570000000000000e+05
2.384900000000000000e+05
2.381240000000000000e+05
2.377300000000000000e+05
2.374060000000000000e+05
2.371180000000000000e+05
2.367230000000000000e+05
2.364150000000000000e+05
2.361800000000000000e+05
2.357900000000000000e+05
2.355050000000000000e+05
2.352730000000000000e+05
2.348810000000000000e+05
2.345260000000000000e+05
2.343680000000000000e+05
2.340820000000000000e+05
2.337770000000000000e+05
2.334050000000000000e+05
2.330650000000000000e+05
