0.000000000000000000e+00
0.000000000000000000e+00
0.000000000000000000e+00
0.000000000000000000e+00
0.000000000000000000e+00
0.000000000000000000e+00
0.000000000000000000e+00
0.000000000000000000e+00
0.000000000000000000e+00
0.000000000000000000e+00
0.000000000000000000e+00
0.000000000000000000e+00
0.000000000000000000e+00
0.000000000000000000e+00
0.000000000000000000e+00
0.000000000000000000e+00
0.000000000000000000e+00
0.000000000000000000e+00
1.000000000000000000e+01
1.000000000000000000e+01
1.000000000000000000e+01
1.000000000000000000e+01
1.000000000000000000e+01
2.100000000000000000e+01
2.400000000000000000e+01
2.400000000000000000e+01
2.400000000000000000e+01
2.500000000000000000e+01
2.600000000000000000e+01
2.700000000000000000e+01
2.900000000000000000e+01
4.000000000000000000e+01
4.200000000000000000e+01
5.600000000000000000e+01
7.800000000000000000e+01
8.100000000000000000e+01
8.600000000000000000e+01
1.150000000000000000e+02
1.340000000000000000e+02
1.360000000000000000e+02
1.530000000000000000e+02
1.590000000000000000e+02
1.670000000000000000e+02
1.760000000000000000e+02
2.060000000000000000e+02
2.550000000000000000e+02
2.640000000000000000e+02
2.780000000000000000e+02
3.020000000000000000e+02
3.260000000000000000e+02
3.280000000000000000e+02
3.400000000000000000e+02
3.630000000000000000e+02
3.720000000000000000e+02
4.080000000000000000e+02
4.110000000000000000e+02
4.270000000000000000e+02
4.590000000000000000e+02
4.830000000000000000e+02
5.320000000000000000e+02
5.460000000000000000e+02
5.590000000000000000e+02
5.790000000000000000e+02
6.050000000000000000e+02
6.350000000000000000e+02
6.840000000000000000e+02
7.270000000000000000e+02
7.760000000000000000e+02
8.090000000000000000e+02
8.520000000000000000e+02
9.230000000000000000e+02
9.530000000000000000e+02
1.024000000000000000e+03
1.072000000000000000e+03
1.113000000000000000e+03
1.166000000000000000e+03
1.197000000000000000e+03
1.258000000000000000e+03
1.291000000000000000e+03
1.346000000000000000e+03
1.390000000000000000e+03
1.448000000000000000e+03
1.499000000000000000e+03
1.567000000000000000e+03
1.616000000000000000e+03
1.662000000000000000e+03
1.699000000000000000e+03
1.779000000000000000e+03
1.839000000000000000e+03
1.955000000000000000e+03
2.041000000000000000e+03
2.118000000000000000e+03
2.212000000000000000e+03
2.286000000000000000e+03
2.411000000000000000e+03
2.491000000000000000e+03
2.574000000000000000e+03
2.696000000000000000e+03
2.786000000000000000e+03
2.896000000000000000e+03
2.991000000000000000e+03
3.082000000000000000e+03
3.200000000000000000e+03
3.315000000000000000e+03
3.445000000000000000e+03
3.549000000000000000e+03
3.653000000000000000e+03
3.814000000000000000e+03
3.934000000000000000e+03
4.057000000000000000e+03
4.206000000000000000e+03
4.379000000000000000e+03
4.520000000000000000e+03
4.645000000000000000e+03
4.815000000000000000e+03
4.959000000000000000e+03
5.118000000000000000e+03
5.278000000000000000e+03
5.409000000000000000e+03
5.573000000000000000e+03
5.741000000000000000e+03
5.921000000000000000e+03
6.119000000000000000e+03
6.325000000000000000e+03
6.556000000000000000e+03
6.751000000000000000e+03
6.997000000000000000e+03
7.240000000000000000e+03
7.473000000000000000e+03
7.703000000000000000e+03
7.901000000000000000e+03
8.106000000000000000e+03
8.385000000000000000e+03
8.610000000000000000e+03
8.835000000000000000e+03
9.085000000000000000e+03
9.359000000000000000e+03
9.618000000000000000e+03
9.943000000000000000e+03
1.027100000000000000e+04
1.055300000000000000e+04
1.090100000000000000e+04
1.120800000000000000e+04
1.149900000000000000e+04
1.180000000000000000e+04
1.216000000000000000e+04
1.246300000000000000e+04
1.279300000000000000e+04
1.317400000000000000e+04
1.359100000000000000e+04
1.403000000000000000e+04
1.441800000000000000e+04
1.473700000000000000e+04
1.505800000000000000e+04
1.536200000000000000e+04
1.580900000000000000e+04
1.615200000000000000e+04
1.666800000000000000e+04
1.703600000000000000e+04
1.747100000000000000e+04
1.783900000000000000e+04
1.830000000000000000e+04
1.866600000000000000e+04
1.911000000000000000e+04
1.950300000000000000e+04
1.994900000000000000e+04
2.033300000000000000e+04
2.076800000000000000e+04
2.120600000000000000e+04
2.165500000000000000e+04
2.218900000000000000e+04
2.279900000000000000e+04
2.323800000000000000e+04
2.375600000000000000e+04
2.430700000000000000e+04
2.483500000000000000e+04
2.534800000000000000e+04
2.581500000000000000e+04
2.643700000000000000e+04
2.701800000000000000e+04
2.755500000000000000e+04
2.819700000000000000e+04
2.878100000000000000e+04
2.940400000000000000e+04
3.001100000000000000e+04
3.064800000000000000e+04
3.140300000000000000e+04
3.203300000000000000e+04
3.271000000000000000e+04
3.340700000000000000e+04
3.398300000000000000e+04
3.455800000000000000e+04
3.526900000000000000e+04
3.585600000000000000e+04
3.637700000000000000e+04
3.708000000000000000e+04
3.773800000000000000e+04
3.839600000000000000e+04
3.915900000000000000e+04
3.986100000000000000e+04
4.066200000000000000e+04
4.140700000000000000e+04
4.213300000000000000e+04
4.286000000000000000e+04
4.355500000000000000e+04
4.427200000000000000e+04
4.497400000000000000e+04
4.562700000000000000e+04
4.646500000000000000e+04
4.720500000000000000e+04
4.789800000000000000e+04
4.877300000000000000e+04
4.961300000000000000e+04
5.038600000000000000e+04
5.124600000000000000e+04
5.204500000000000000e+04
5.296000000000000000e+04
5.390600000000000000e+04
5.471400000000000000e+04
5.550900000000000000e+04
5.638000000000000000e+04
5.722300000000000000e+04
5.801400000000000000e+04
5.902300000000000000e+04
5.978700000000000000e+04
6.065400000000000000e+04
6.164200000000000000e+04
6.258800000000000000e+04
6.351500000000000000e+04
6.439700000000000000e+04
6.537900000000000000e+04
6.631300000000000000e+04
6.713000000000000000e+04
6.807700000000000000e+04
6.910700000000000000e+04
7.007400000000000000e+04
7.104100000000000000e+04
7.215500000000000000e+04
7.312500000000000000e+04
7.404500000000000000e+04
7.497300000000000000e+04
7.588800000000000000e+04
7.685400000000000000e+04
7.809100000000000000e+04
7.926800000000000000e+04
8.028800000000000000e+04
8.141600000000000000e+04
8.256900000000000000e+04
8.375100000000000000e+04
8.475100000000000000e+04
8.573200000000000000e+04
8.677900000000000000e+04
8.779300000000000000e+04
8.880400000000000000e+04
8.982000000000000000e+04
9.086600000000000000e+04
9.191900000000000000e+04
9.294100000000000000e+04
9.408100000000000000e+04
9.514000000000000000e+04
9.613900000000000000e+04
9.730000000000000000e+04
9.833900000000000000e+04
9.949600000000000000e+04
1.006880000000000000e+05
1.019320000000000000e+05
1.030190000000000000e+05
1.041750000000000000e+05
1.052190000000000000e+05
1.063740000000000000e+05
1.075250000000000000e+05
1.086030000000000000e+05
1.097230000000000000e+05
1.108550000000000000e+05
1.119670000000000000e+05
1.131540000000000000e+05
1.143850000000000000e+05
1.154990000000000000e+05
1.165330000000000000e+05
1.178950000000000000e+05
1.191530000000000000e+05
1.205210000000000000e+05
1.217830000000000000e+05
1.230760000000000000e+05
1.242120000000000000e+05
1.254430000000000000e+05
1.265540000000000000e+05
1.275600000000000000e+05
1.289030000000000000e+05
1.301960000000000000e+05
1.315090000000000000e+05
1.326860000000000000e+05
1.339640000000000000e+05
1.351280000000000000e+05
1.364500000000000000e+05
1.378990000000000000e+05
1.393140000000000000e+05
1.405580000000000000e+05
1.417750000000000000e+05
1.430000000000000000e+05
1.441540000000000000e+05
1.453970000000000000e+05
1.466870000000000000e+05
1.479710000000000000e+05
1.493710000000000000e+05
1.507060000000000000e+05
1.520720000000000000e+05
1.533040000000000000e+05
1.546350000000000000e+05
1.558060000000000000e+05
1.570300000000000000e+05
1.582930000000000000e+05
1.597100000000000000e+05
1.610530000000000000e+05
1.625090000000000000e+05
1.637660000000000000e+05
1.650940000000000000e+05
1.665680000000000000e+05
1.679940000000000000e+05
1.692170000000000000e+05
1.706790000000000000e+05
1.720820000000000000e+05
1.733110000000000000e+05
1.748030000000000000e+05
1.761650000000000000e+05
1.772980000000000000e+05
1.785590000000000000e+05
1.800230000000000000e+05
1.813660000000000000e+05
1.826000000000000000e+05
1.839320000000000000e+05
1.854890000000000000e+05
1.869110000000000000e+05
1.881210000000000000e+05
1.894170000000000000e+05
1.907660000000000000e+05
1.923090000000000000e+05
1.936900000000000000e+05
1.952220000000000000e+05
1.967060000000000000e+05
1.979380000000000000e+05
1.992140000000000000e+05
2.007100000000000000e+05
2.020430000000000000e+05
2.034010000000000000e+05
2.048040000000000000e+05
2.062090000000000000e+05
2.075490000000000000e+05
2.089210000000000000e+05
2.102860000000000000e+05
2.116760000000000000e+05
2.129220000000000000e+05
2.142630000000000000e+05
2.158110000000000000e+05
2.170470000000000000e+05
2.185130000000000000e+05
2.198680000000000000e+05
2.212310000000000000e+05
2.224700000000000000e+05
2.239540000000000000e+05
2.252600000000000000e+05
2.265510000000000000e+05
2.280060000000000000e+05
2.293990000000000000e+05
2.307760000000000000e+05
2.322110000000000000e+05
2.337290000000000000e+05
2.350770000000000000e+05
2.364440000000000000e+05
2.380650000000000000e+05
2.394950000000000000e+05
2.410080000000000000e+05
2.423840000000000000e+05
2.436940000000000000e+05
2.451070000000000000e+05
2.463750000000000000e+05
2.478920000000000000e+05
2.493470000000000000e+05
2.507210000000000000e+05
2.520380000000000000e+05
2.536030000000000000e+05
2.549910000000000000e+05
2.566570000000000000e+05
2.582540000000000000e+05
2.597520000000000000e+05
2.612520000000000000e+05
2.625540000000000000e+05
2.640460000000000000e+05
2.654700000000000000e+05
2.669220000000000000e+05
2.684370000000000000e+05
2.698260000000000000e+05
2.711410000000000000e+05
2.725610000000000000e+05
2.740760000000000000e+05
2.754640000000000000e+05
2.768590000000000000e+05
2.783100000000000000e+05
2.800140000000000000e+05
2.815140000000000000e+05
2.830810000000000000e+05
2.844910000000000000e+05
2.857510000000000000e+05
2.870630000000000000e+05
2.883750000000000000e+05
2.898680000000000000e+05
2.915060000000000000e+05
2.931040000000000000e+05
2.946250000000000000e+05
2.960170000000000000e+05
2.976970000000000000e+05
2.992890000000000000e+05
3.005050000000000000e+05
3.018030000000000000e+05
3.031280000000000000e+05
3.044900000000000000e+05
3.060890000000000000e+05
3.073170000000000000e+05
3.087950000000000000e+05
3.100880000000000000e+05
3.114120000000000000e+05
3.127580000000000000e+05
3.142840000000000000e+05
3.158700000000000000e+05
3.172100000000000000e+05
3.187220000000000000e+05
3.202990000000000000e+05
3.216970000000000000e+05
3.232210000000000000e+05
3.245640000000000000e+05
3.260030000000000000e+05
3.275430000000000000e+05
3.288950000000000000e+05
3.303120000000000000e+05
3.316600000000000000e+05
3.329560000000000000e+05
3.344620000000000000e+05
3.358110000000000000e+05
3.372800000000000000e+05
3.384820000000000000e+05
3.399260000000000000e+05
3.414330000000000000e+05
3.428290000000000000e+05
3.442590000000000000e+05
3.455790000000000000e+05
3.468740000000000000e+05
3.483030000000000000e+05
3.495960000000000000e+05
3.509950000000000000e+05
3.522840000000000000e+05
3.535370000000000000e+05
3.547850000000000000e+05
3.561200000000000000e+05
3.573980000000000000e+05
3.588190000000000000e+05
3.600820000000000000e+05
3.616010000000000000e+05
3.629170000000000000e+05
3.643500000000000000e+05
3.657800000000000000e+05
3.670080000000000000e+05
3.682790000000000000e+05
3.695780000000000000e+05
3.708670000000000000e+05
3.724330000000000000e+05
3.738560000000000000e+05
3.752440000000000000e+05
3.766240000000000000e+05
3.781660000000000000e+05
3.795050000000000000e+05
3.809820000000000000e+05
3.822900000000000000e+05
3.835980000000000000e+05
3.848980000000000000e+05
3.863260000000000000e+05
3.877640000000000000e+05
3.890170000000000000e+05
3.904650000000000000e+05
3.917650000000000000e+05
3.929520000000000000e+05
3.943050000000000000e+05
3.956640000000000000e+05
3.969810000000000000e+05
3.983920000000000000e+05
3.996320000000000000e+05
4.009110000000000000e+05
4.022460000000000000e+05
4.036500000000000000e+05
4.049870000000000000e+05
4.063820000000000000e+05
4.077120000000000000e+05
4.090430000000000000e+05
4.103460000000000000e+05
4.116740000000000000e+05
4.130180000000000000e+05
4.141960000000000000e+05
4.154370000000000000e+05
4.166520000000000000e+05
4.180320000000000000e+05
4.193110000000000000e+05
4.206950000000000000e+05
4.218800000000000000e+05
4.231960000000000000e+05
4.244470000000000000e+05
4.257170000000000000e+05
4.270770000000000000e+05
4.285070000000000000e+05
4.298190000000000000e+05
4.310290000000000000e+05
4.324080000000000000e+05
4.335660000000000000e+05
4.347510000000000000e+05
4.359880000000000000e+05
4.372100000000000000e+05
4.383080000000000000e+05
4.394750000000000000e+05
4.408660000000000000e+05
4.421760000000000000e+05
4.435020000000000000e+05
4.447230000000000000e+05
4.460670000000000000e+05
4.472520000000000000e+05
4.483890000000000000e+05
4.498060000000000000e+05
4.510550000000000000e+05
4.522640000000000000e+05
4.535950000000000000e+05
4.548980000000000000e+05
4.561130000000000000e+05
4.572680000000000000e+05
4.585360000000000000e+05
4.598950000000000000e+05
4.611680000000000000e+05
4.624710000000000000e+05
4.636950000000000000e+05
4.649130000000000000e+05
4.661210000000000000e+05
4.674060000000000000e+05
4.686040000000000000e+05
4.698130000000000000e+05
4.710350000000000000e+05
4.723680000000000000e+05
4.736630000000000000e+05
4.747550000000000000e+05
4.760000000000000000e+05
4.772720000000000000e+05
4.783580000000000000e+05
4.795860000000000000e+05
4.809160000000000000e+05
4.821040000000000000e+05
4.833790000000000000e+05
4.844960000000000000e+05
4.857080000000000000e+05
4.870590000000000000e+05
4.881660000000000000e+05
4.894160000000000000e+05
4.905320000000000000e+05
4.917420000000000000e+05
4.927470000000000000e+05
4.938820000000000000e+05
4.950690000000000000e+05
4.962920000000000000e+05
4.973740000000000000e+05
4.985070000000000000e+05
4.996610000000000000e+05
5.008310000000000000e+05
5.019290000000000000e+05
5.032040000000000000e+05
5.043340000000000000e+05
5.054240000000000000e+05
5.066160000000000000e+05
5.077520000000000000e+05
5.087070000000000000e+05
5.100040000000000000e+05
5.110230000000000000e+05
5.122430000000000000e+05
5.134560000000000000e+05
5.145490000000000000e+05
5.156030000000000000e+05
5.166800000000000000e+05
5.177680000000000000e+05
5.188830000000000000e+05
5.200940000000000000e+05
5.210320000000000000e+05
5.222830000000000000e+05
5.234670000000000000e+05
5.244400000000000000e+05
5.254770000000000000e+05
5.264830000000000000e+05
5.276170000000000000e+05
5.286720000000000000e+05
5.298130000000000000e+05
5.309810000000000000e+05
5.322350000000000000e+05
5.333870000000000000e+05
5.346920000000000000e+05
5.358010000000000000e+05
5.369220000000000000e+05
5.380840000000000000e+05
5.390410000000000000e+05
5.401600000000000000e+05
5.412860000000000000e+05
5.424220000000000000e+05
5.435600000000000000e+05
5.446060000000000000e+05
5.458080000000000000e+05
5.468950000000000000e+05
5.480270000000000000e+05
5.492520000000000000e+05
5.502490000000000000e+05
5.512060000000000000e+05
5.523450000000000000e+05
5.534320000000000000e+05
5.545280000000000000e+05
5.556920000000000000e+05
5.568820000000000000e+05
5.578700000000000000e+05
5.589480000000000000e+05
5.599530000000000000e+05
5.612090000000000000e+05
5.622720000000000000e+05
